Rep,year,id,nCSDage0,totalCSDage0
NA,NA,NA,NA,NA
10,1,1057041,30,127
10,1,1057042,27,127
10,1,1057043,31,127
10,1,1057044,32,127
10,1,1057045,34,127
10,1,1057046,30,127
10,1,1057047,23,127
10,1,1057048,26,127
10,1,1057049,26,127
10,1,1057050,24,127
10,1,1057051,31,127
10,1,1057052,36,127
10,1,1057053,20,127
10,1,1057054,28,127
10,1,1057055,27,127
10,1,1057056,33,127
10,1,1057057,25,127
10,1,1057058,26,127
10,1,1057059,28,127
10,1,1057060,30,127
10,1,1057061,31,127
10,1,1057062,31,127
10,1,1057063,31,127
10,1,1057064,30,127
10,1,1057065,31,127
10,1,1057066,32,127
10,1,1057067,23,127
10,1,1057068,26,127
10,1,1057069,26,127
10,1,1057070,28,127
10,1,1057071,28,127
10,1,1057072,35,127
10,1,1057073,24,127
10,1,1057074,31,127
10,1,1057075,30,127
10,1,1057076,30,127
10,1,1057077,29,127
10,1,1057078,36,127
10,1,1057079,30,127
10,1,1057080,29,127
10,1,1058109,26,127
10,1,1058167,29,127
10,1,1058218,28,127
10,1,1058986,28,127
10,1,1059163,23,127
10,1,1059275,31,127
10,1,1060323,34,127
10,1,1060823,26,127
10,1,1060897,31,127
10,1,1064551,21,127
10,2,1636007,36,125
10,2,1636008,36,125
10,2,1636009,34,125
10,2,1636010,39,125
10,2,1636011,39,125
10,2,1636012,45,125
10,2,1636013,33,125
10,2,1636014,39,125
10,2,1636015,39,125
10,2,1636016,41,125
10,2,1636017,40,125
10,2,1636018,40,125
10,2,1636019,37,125
10,2,1636020,36,125
10,2,1636021,43,125
10,2,1636022,31,125
10,2,1636023,37,125
10,2,1636024,39,125
10,2,1636025,26,125
10,2,1636026,29,125
10,2,1636027,30,125
10,2,1636028,21,125
10,2,1636029,28,125
10,2,1636030,33,125
10,2,1636031,21,125
10,2,1636032,23,125
10,2,1636033,28,125
10,2,1636034,28,125
10,2,1636035,21,125
10,2,1636036,26,125
10,2,1636037,25,125
10,2,1636038,26,125
10,2,1636039,27,125
10,2,1636040,26,125
10,2,1636041,26,125
10,2,1636042,28,125
10,2,1636043,27,125
10,2,1636044,27,125
10,2,1636045,27,125
10,2,1636046,21,125
10,2,1636443,33,125
10,2,1637628,25,125
10,2,1638080,26,125
10,2,1638222,25,125
10,2,1638785,37,125
10,2,1639575,25,125
10,2,1640386,27,125
10,3,2326351,29,123
10,3,2326352,31,123
10,3,2326353,41,123
10,3,2326354,37,123
10,3,2326355,42,123
10,3,2326356,49,123
10,3,2326357,37,123
10,3,2326358,45,123
10,3,2326359,41,123
10,3,2326360,43,123
10,3,2326361,45,123
10,3,2326362,40,123
10,3,2326363,36,123
10,3,2326364,40,123
10,3,2326365,28,123
10,3,2326366,37,123
10,3,2326367,28,123
10,3,2326368,35,123
10,3,2326369,40,123
10,3,2326370,27,123
10,3,2326371,31,123
10,3,2326372,27,123
10,3,2326373,28,123
10,3,2326374,28,123
10,3,2326375,31,123
10,3,2326376,33,123
10,3,2326377,40,123
10,3,2326378,31,123
10,3,2326379,35,123
10,3,2326380,37,123
10,3,2326381,42,123
10,3,2326382,42,123
10,3,2326383,31,123
10,3,2326384,33,123
10,3,2326385,32,123
10,3,2326386,33,123
10,3,2326387,33,123
10,3,2326388,35,123
10,3,2326389,43,123
10,3,2326390,33,123
10,3,2327009,49,123
10,3,2327482,33,123
10,3,2329591,35,123
10,3,2330020,32,123
10,3,2333575,32,123
10,4,3026560,50,123
10,4,3026561,36,123
10,4,3026562,33,123
10,4,3026563,43,123
10,4,3026564,41,123
10,4,3026565,44,123
10,4,3026566,49,123
10,4,3026567,43,123
10,4,3026568,34,123
10,4,3026569,38,123
10,4,3026570,32,123
10,4,3026571,29,123
10,4,3026572,29,123
10,4,3026573,31,123
10,4,3026574,36,123
10,4,3026575,38,123
10,4,3026577,45,123
10,4,3026578,45,123
10,4,3026579,33,123
10,4,3026580,38,123
10,4,3026581,36,123
10,4,3026582,35,123
10,4,3026583,38,123
10,4,3026584,45,123
10,4,3026585,35,123
10,4,3026586,39,123
10,4,3026588,42,123
10,4,3026589,44,123
10,4,3026590,40,123
10,4,3026591,44,123
10,4,3026592,43,123
10,4,3026593,33,123
10,4,3026594,32,123
10,4,3026595,25,123
10,4,3026596,26,123
10,4,3026597,29,123
10,4,3026598,30,123
10,4,3026599,31,123
10,4,3026600,47,123
10,4,3026601,32,123
10,4,3027290,46,123
10,4,3029348,30,123
10,4,3029381,38,123
10,4,3030443,43,123
10,4,3033106,37,123
10,4,3033841,41,123
10,5,3698772,41,123
10,5,3698773,45,123
10,5,3698774,49,123
10,5,3698775,42,123
10,5,3698776,38,123
10,5,3698777,33,123
10,5,3698778,30,123
10,5,3698779,35,123
10,5,3698782,37,123
10,5,3698783,39,123
10,5,3698784,47,123
10,5,3698785,47,123
10,5,3698786,39,123
10,5,3698787,45,123
10,5,3698788,35,123
10,5,3698789,42,123
10,5,3698790,45,123
10,5,3698791,43,123
10,5,3698792,35,123
10,5,3698793,26,123
10,5,3698794,28,123
10,5,3698795,46,123
10,5,3698796,33,123
10,5,3698797,32,123
10,5,3698798,39,123
10,5,3698799,50,123
10,5,3698800,35,123
10,5,3698801,31,123
10,5,3698802,39,123
10,5,3698803,42,123
10,5,3698804,30,123
10,5,3698805,30,123
10,5,3698806,33,123
10,5,3698807,38,123
10,5,3698808,35,123
10,5,3698809,34,123
10,5,3698810,34,123
10,5,3698811,43,123
10,5,3698812,33,123
10,5,3698813,47,123
10,5,3699592,39,123
10,5,3700667,43,123
10,5,3700725,29,123
10,5,3702147,28,123
10,5,3702300,33,123
10,5,3702389,37,123
10,5,3702626,29,123
10,5,3705297,35,123
10,5,3705846,49,123
10,5,3706239,37,123
10,6,4390660,38,120
10,6,4390661,43,120
10,6,4390662,29,120
10,6,4390663,50,120
10,6,4390664,38,120
10,6,4390666,39,120
10,6,4390667,33,120
10,6,4390670,38,120
10,6,4390671,48,120
10,6,4390672,43,120
10,6,4390673,39,120
10,6,4390674,43,120
10,6,4390675,43,120
10,6,4390676,44,120
10,6,4390677,30,120
10,6,4390678,38,120
10,6,4390679,34,120
10,6,4390680,32,120
10,6,4390682,36,120
10,6,4390684,32,120
10,6,4390685,40,120
10,6,4390686,32,120
10,6,4390687,33,120
10,6,4390688,35,120
10,6,4390689,44,120
10,6,4390690,43,120
10,6,4390691,30,120
10,6,4390692,35,120
10,6,4390693,47,120
10,6,4390697,37,120
10,6,4390698,41,120
10,6,4390699,41,120
10,6,4390700,32,120
10,6,4390701,32,120
10,6,4390702,39,120
10,6,4390703,45,120
10,6,4390704,36,120
10,6,4390705,46,120
10,6,4390706,33,120
10,6,4390707,27,120
10,6,4391490,46,120
10,6,4392416,36,120
10,6,4392470,48,120
10,6,4392561,40,120
10,6,4394851,36,120
10,6,4396665,45,120
10,6,4397103,42,120
10,7,5043715,43,118
10,7,5043716,35,118
10,7,5043717,38,118
10,7,5043718,33,118
10,7,5043719,38,118
10,7,5043720,34,118
10,7,5043721,36,118
10,7,5043722,40,118
10,7,5043723,27,118
10,7,5043724,33,118
10,7,5043725,32,118
10,7,5043726,28,118
10,7,5043727,43,118
10,7,5043728,37,118
10,7,5043729,39,118
10,7,5043730,36,118
10,7,5043731,37,118
10,7,5043732,38,118
10,7,5043733,43,118
10,7,5043734,35,118
10,7,5043735,35,118
10,7,5043736,35,118
10,7,5043737,37,118
10,7,5043738,42,118
10,7,5043739,30,118
10,7,5043740,44,118
10,7,5043741,38,118
10,7,5043742,36,118
10,7,5043743,44,118
10,7,5043744,39,118
10,7,5043745,40,118
10,7,5043746,30,118
10,7,5043747,34,118
10,7,5043748,35,118
10,7,5043749,33,118
10,7,5043750,38,118
10,7,5043751,34,118
10,7,5043752,34,118
10,7,5043753,42,118
10,7,5043754,34,118
10,7,5044303,31,118
10,7,5046469,37,118
10,7,5047009,46,118
10,7,5049832,43,118
10,7,5050043,39,118
10,7,5050379,35,118
10,7,5051168,46,118
10,8,5775362,27,111
10,8,5775363,33,111
10,8,5775364,28,111
10,8,5775365,29,111
10,8,5775366,25,111
10,8,5775367,32,111
10,8,5775368,30,111
10,8,5775369,21,111
10,8,5775370,30,111
10,8,5775371,31,111
10,8,5775372,34,111
10,8,5775373,29,111
10,8,5775374,31,111
10,8,5775375,31,111
10,8,5775376,33,111
10,8,5775377,29,111
10,8,5775378,31,111
10,8,5775379,29,111
10,8,5775380,30,111
10,8,5775381,41,111
10,8,5775382,32,111
10,8,5775383,32,111
10,8,5775384,32,111
10,8,5775385,36,111
10,8,5775386,33,111
10,8,5775387,31,111
10,8,5775388,30,111
10,8,5775389,35,111
10,8,5775390,31,111
10,8,5775391,28,111
10,8,5775392,43,111
10,8,5775393,41,111
10,8,5775394,32,111
10,8,5775395,28,111
10,8,5775396,37,111
10,8,5775397,32,111
10,8,5775398,30,111
10,8,5775399,35,111
10,8,5775400,32,111
10,8,5775401,24,111
10,8,5777309,44,111
10,8,5782743,33,111
10,9,6466075,32,98
10,9,6466076,24,98
10,9,6466077,26,98
10,9,6466078,18,98
10,9,6466079,23,98
10,9,6466080,23,98
10,9,6466081,21,98
10,9,6466082,28,98
10,9,6466083,21,98
10,9,6466084,21,98
10,9,6466085,28,98
10,9,6466086,27,98
10,9,6466087,25,98
10,9,6466088,28,98
10,9,6466089,25,98
10,9,6466090,24,98
10,9,6466091,30,98
10,9,6466092,23,98
10,9,6466093,33,98
10,9,6466094,27,98
10,9,6466095,22,98
10,9,6466096,28,98
10,9,6466097,26,98
10,9,6466099,25,98
10,9,6466100,28,98
10,9,6466101,26,98
10,9,6466102,25,98
10,9,6466103,24,98
10,9,6466105,31,98
10,9,6466106,29,98
10,9,6466108,28,98
10,9,6466109,30,98
10,9,6466110,32,98
10,9,6466111,26,98
10,9,6466112,33,98
10,9,6466113,35,98
10,9,6466114,31,98
10,9,6466115,26,98
10,9,6466116,29,98
10,9,6466117,28,98
10,9,6467221,25,98
10,9,6468568,26,98
10,9,6468945,28,98
10,10,7192486,22,85
10,10,7192487,26,85
10,10,7192488,19,85
10,10,7192489,21,85
10,10,7192490,20,85
10,10,7192491,16,85
10,10,7192492,24,85
10,10,7192493,15,85
10,10,7192495,21,85
10,10,7192496,21,85
10,10,7192497,20,85
10,10,7192498,23,85
10,10,7192499,24,85
10,10,7192500,21,85
10,10,7192501,21,85
10,10,7192502,20,85
10,10,7192503,20,85
10,10,7192504,24,85
10,10,7192505,23,85
10,10,7192506,26,85
10,10,7192507,23,85
10,10,7192508,26,85
10,10,7192511,23,85
10,10,7192512,23,85
10,10,7192513,23,85
10,10,7192514,21,85
10,10,7192515,19,85
10,10,7192516,17,85
10,10,7192518,35,85
10,10,7192519,22,85
10,10,7192521,17,85
10,10,7192525,27,85
10,10,7192526,22,85
10,10,7192527,20,85
10,10,7192528,28,85
10,10,7192529,19,85
10,10,7192530,25,85
10,10,7192531,24,85
10,10,7192532,27,85
10,10,7192534,21,85
10,10,7194391,19,85
10,10,7194565,28,85
10,10,7194638,23,85
10,10,7195168,21,85
10,10,7196057,25,85
10,10,7199331,25,85
10,10,7199410,28,85
10,10,7199765,26,85
NA,NA,NA,NA,NA
1,1,1057041,27,127
1,1,1057042,29,127
1,1,1057043,26,127
1,1,1057044,28,127
1,1,1057045,27,127
1,1,1057046,28,127
1,1,1057047,28,127
1,1,1057048,28,127
1,1,1057049,24,127
1,1,1057050,25,127
1,1,1057051,28,127
1,1,1057052,30,127
1,1,1057053,27,127
1,1,1057054,24,127
1,1,1057055,29,127
1,1,1057056,35,127
1,1,1057057,35,127
1,1,1057058,31,127
1,1,1057059,24,127
1,1,1057060,27,127
1,1,1057061,29,127
1,1,1057062,29,127
1,1,1057063,20,127
1,1,1057064,22,127
1,1,1057065,28,127
1,1,1057066,35,127
1,1,1057067,27,127
1,1,1057068,26,127
1,1,1057069,20,127
1,1,1057070,22,127
1,1,1057071,26,127
1,1,1057072,31,127
1,1,1057073,24,127
1,1,1057074,30,127
1,1,1057075,26,127
1,1,1057076,23,127
1,1,1057077,24,127
1,1,1057078,21,127
1,1,1057079,25,127
1,1,1057080,40,127
1,1,1057755,24,127
1,1,1058102,26,127
1,1,1058315,31,127
1,1,1058484,30,127
1,1,1059322,23,127
1,1,1060485,25,127
1,1,1063450,31,127
1,2,1637146,35,125
1,2,1637147,36,125
1,2,1637148,39,125
1,2,1637149,39,125
1,2,1637150,37,125
1,2,1637151,39,125
1,2,1637152,40,125
1,2,1637153,43,125
1,2,1637154,31,125
1,2,1637155,36,125
1,2,1637156,35,125
1,2,1637157,45,125
1,2,1637158,37,125
1,2,1637159,33,125
1,2,1637160,40,125
1,2,1637161,26,125
1,2,1637162,38,125
1,2,1637163,37,125
1,2,1637164,43,125
1,2,1637165,30,125
1,2,1637166,24,125
1,2,1637167,32,125
1,2,1637168,23,125
1,2,1637169,27,125
1,2,1637170,28,125
1,2,1637171,35,125
1,2,1637172,33,125
1,2,1637173,23,125
1,2,1637174,29,125
1,2,1637175,23,125
1,2,1637176,20,125
1,2,1637177,27,125
1,2,1637178,25,125
1,2,1637179,25,125
1,2,1637180,32,125
1,2,1637181,26,125
1,2,1637182,32,125
1,2,1637183,30,125
1,2,1637184,26,125
1,2,1637185,30,125
1,2,1638098,44,125
1,2,1639252,25,125
1,2,1639720,38,125
1,2,1640674,23,125
1,2,1644754,27,125
1,2,1644841,21,125
1,3,2300933,49,120
1,3,2300934,28,120
1,3,2300935,44,120
1,3,2300936,46,120
1,3,2300937,45,120
1,3,2300938,44,120
1,3,2300939,51,120
1,3,2300940,41,120
1,3,2300941,36,120
1,3,2300942,45,120
1,3,2300943,29,120
1,3,2300944,43,120
1,3,2300945,44,120
1,3,2300946,32,120
1,3,2300947,36,120
1,3,2300948,30,120
1,3,2300949,28,120
1,3,2300950,34,120
1,3,2300951,27,120
1,3,2300952,34,120
1,3,2300953,30,120
1,3,2300954,36,120
1,3,2300955,39,120
1,3,2300956,33,120
1,3,2300957,35,120
1,3,2300958,30,120
1,3,2300959,35,120
1,3,2300960,27,120
1,3,2300961,35,120
1,3,2300962,38,120
1,3,2300963,30,120
1,3,2300964,33,120
1,3,2300965,37,120
1,3,2300966,36,120
1,3,2300967,37,120
1,3,2300968,32,120
1,3,2300969,35,120
1,3,2300970,28,120
1,3,2300971,40,120
1,3,2300972,39,120
1,3,2304273,26,120
1,3,2304975,34,120
1,3,2307269,49,120
1,4,2975457,54,117
1,4,2975458,30,117
1,4,2975459,47,117
1,4,2975460,47,117
1,4,2975461,52,117
1,4,2975462,45,117
1,4,2975463,38,117
1,4,2975464,46,117
1,4,2975465,42,117
1,4,2975466,32,117
1,4,2975467,33,117
1,4,2975468,37,117
1,4,2975469,38,117
1,4,2975470,40,117
1,4,2975471,34,117
1,4,2975472,40,117
1,4,2975473,41,117
1,4,2975474,35,117
1,4,2975475,37,117
1,4,2975476,43,117
1,4,2975477,41,117
1,4,2975478,35,117
1,4,2975479,37,117
1,4,2975480,44,117
1,4,2975481,30,117
1,4,2975482,42,117
1,4,2975483,45,117
1,4,2975484,47,117
1,4,2975485,42,117
1,4,2975486,37,117
1,4,2975487,42,117
1,4,2975488,43,117
1,4,2975489,30,117
1,4,2975490,41,117
1,4,2975491,27,117
1,4,2975492,30,117
1,4,2975493,33,117
1,4,2975494,37,117
1,4,2975495,30,117
1,4,2975496,30,117
1,4,2976870,41,117
1,4,2978849,39,117
1,4,2979581,27,117
1,4,2980185,36,117
1,4,2981758,49,117
1,4,2981862,46,117
1,4,2982430,35,117
1,5,3650637,42,115
1,5,3650638,39,115
1,5,3650639,34,115
1,5,3650640,46,115
1,5,3650641,47,115
1,5,3650642,43,115
1,5,3650643,34,115
1,5,3650644,37,115
1,5,3650645,40,115
1,5,3650646,42,115
1,5,3650647,37,115
1,5,3650648,45,115
1,5,3650649,41,115
1,5,3650650,37,115
1,5,3650651,39,115
1,5,3650652,46,115
1,5,3650653,42,115
1,5,3650654,45,115
1,5,3650655,52,115
1,5,3650656,38,115
1,5,3650657,46,115
1,5,3650658,41,115
1,5,3650659,31,115
1,5,3650660,33,115
1,5,3650662,36,115
1,5,3650663,40,115
1,5,3650664,30,115
1,5,3650665,50,115
1,5,3650666,35,115
1,5,3650667,55,115
1,5,3650668,30,115
1,5,3650669,47,115
1,5,3650670,43,115
1,5,3650671,30,115
1,5,3650672,36,115
1,5,3650673,34,115
1,5,3650674,40,115
1,5,3650675,37,115
1,5,3650676,31,115
1,5,3650678,42,115
1,5,3652217,32,115
1,5,3652828,35,115
1,5,3653184,30,115
1,5,3653425,38,115
1,6,4290393,35,110
1,6,4290394,37,110
1,6,4290395,43,110
1,6,4290396,42,110
1,6,4290397,34,110
1,6,4290398,46,110
1,6,4290399,38,110
1,6,4290400,36,110
1,6,4290401,41,110
1,6,4290402,42,110
1,6,4290403,44,110
1,6,4290405,33,110
1,6,4290406,41,110
1,6,4290407,52,110
1,6,4290408,33,110
1,6,4290409,44,110
1,6,4290410,31,110
1,6,4290411,38,110
1,6,4290412,34,110
1,6,4290413,41,110
1,6,4290414,33,110
1,6,4290416,38,110
1,6,4290417,42,110
1,6,4290418,46,110
1,6,4290420,44,110
1,6,4290421,34,110
1,6,4290422,42,110
1,6,4290423,37,110
1,6,4290424,44,110
1,6,4290425,43,110
1,6,4290427,45,110
1,6,4290428,42,110
1,6,4290429,47,110
1,6,4290430,37,110
1,6,4290431,29,110
1,6,4290432,35,110
1,6,4290433,41,110
1,6,4290434,30,110
1,6,4290435,49,110
1,6,4290436,35,110
1,6,4290862,36,110
1,6,4291435,42,110
1,6,4291556,45,110
1,6,4291750,42,110
1,6,4291804,32,110
1,6,4292390,44,110
1,6,4296964,43,110
1,6,4297426,39,110
1,6,4298043,47,110
1,6,4298058,48,110
1,7,4996167,35,109
1,7,4996168,40,109
1,7,4996169,45,109
1,7,4996171,32,109
1,7,4996173,43,109
1,7,4996174,39,109
1,7,4996175,36,109
1,7,4996176,34,109
1,7,4996177,33,109
1,7,4996178,40,109
1,7,4996179,37,109
1,7,4996182,35,109
1,7,4996183,40,109
1,7,4996184,36,109
1,7,4996185,33,109
1,7,4996186,41,109
1,7,4996187,33,109
1,7,4996188,33,109
1,7,4996190,39,109
1,7,4996191,34,109
1,7,4996192,36,109
1,7,4996193,39,109
1,7,4996194,41,109
1,7,4996195,42,109
1,7,4996196,43,109
1,7,4996197,40,109
1,7,4996198,33,109
1,7,4996199,43,109
1,7,4996200,31,109
1,7,4996201,41,109
1,7,4996202,40,109
1,7,4996203,48,109
1,7,4996204,48,109
1,7,4996205,36,109
1,7,4996206,34,109
1,7,4996207,37,109
1,7,4996209,38,109
1,7,4996210,41,109
1,7,4996211,33,109
1,7,4996213,50,109
1,7,4997411,32,109
1,7,4997492,37,109
1,7,4999525,44,109
1,7,5003772,34,109
1,7,5004110,54,109
1,8,5677055,29,104
1,8,5677056,35,104
1,8,5677058,33,104
1,8,5677059,34,104
1,8,5677060,37,104
1,8,5677061,39,104
1,8,5677062,31,104
1,8,5677063,26,104
1,8,5677064,31,104
1,8,5677065,31,104
1,8,5677066,31,104
1,8,5677067,36,104
1,8,5677068,27,104
1,8,5677069,34,104
1,8,5677070,32,104
1,8,5677071,33,104
1,8,5677072,34,104
1,8,5677073,40,104
1,8,5677075,34,104
1,8,5677076,39,104
1,8,5677078,35,104
1,8,5677079,45,104
1,8,5677080,35,104
1,8,5677081,35,104
1,8,5677082,32,104
1,8,5677084,40,104
1,8,5677085,32,104
1,8,5677086,35,104
1,8,5677087,35,104
1,8,5677090,38,104
1,8,5677091,36,104
1,8,5677092,32,104
1,8,5677093,36,104
1,8,5677095,38,104
1,8,5677096,32,104
1,8,5677097,44,104
1,8,5677099,41,104
1,8,5677100,31,104
1,8,5677101,32,104
1,8,5677103,38,104
1,8,5679670,42,104
1,8,5680202,34,104
1,8,5680827,36,104
1,8,5683178,33,104
1,8,5684020,47,104
1,9,6405128,27,100
1,9,6405129,27,100
1,9,6405130,30,100
1,9,6405132,26,100
1,9,6405133,24,100
1,9,6405134,28,100
1,9,6405135,26,100
1,9,6405137,29,100
1,9,6405139,29,100
1,9,6405140,27,100
1,9,6405141,27,100
1,9,6405142,34,100
1,9,6405143,35,100
1,9,6405144,25,100
1,9,6405145,27,100
1,9,6405147,30,100
1,9,6405148,29,100
1,9,6405149,26,100
1,9,6405150,28,100
1,9,6405151,27,100
1,9,6405152,33,100
1,9,6405154,30,100
1,9,6405155,35,100
1,9,6405156,37,100
1,9,6405157,31,100
1,9,6405159,33,100
1,9,6405160,35,100
1,9,6405161,31,100
1,9,6405162,40,100
1,9,6405163,30,100
1,9,6405164,36,100
1,9,6405165,25,100
1,9,6405166,32,100
1,9,6405167,31,100
1,9,6405168,32,100
1,9,6405169,30,100
1,9,6405170,32,100
1,9,6405171,31,100
1,9,6405172,32,100
1,9,6405173,43,100
1,9,6407039,35,100
1,9,6407290,30,100
1,9,6407738,23,100
1,9,6411493,34,100
1,9,6411751,32,100
1,9,6413157,42,100
1,10,7133220,30,89
1,10,7133221,25,89
1,10,7133224,25,89
1,10,7133226,23,89
1,10,7133227,19,89
1,10,7133228,18,89
1,10,7133229,22,89
1,10,7133230,24,89
1,10,7133231,21,89
1,10,7133232,27,89
1,10,7133233,22,89
1,10,7133236,23,89
1,10,7133237,20,89
1,10,7133238,21,89
1,10,7133239,23,89
1,10,7133240,28,89
1,10,7133241,25,89
1,10,7133242,29,89
1,10,7133243,28,89
1,10,7133244,25,89
1,10,7133245,29,89
1,10,7133246,27,89
1,10,7133247,27,89
1,10,7133248,28,89
1,10,7133250,25,89
1,10,7133251,25,89
1,10,7133252,24,89
1,10,7133253,17,89
1,10,7133254,27,89
1,10,7133256,37,89
1,10,7133257,23,89
1,10,7133258,25,89
1,10,7133260,27,89
1,10,7133262,25,89
1,10,7133263,34,89
1,10,7133264,27,89
1,10,7133265,34,89
1,10,7133266,28,89
1,10,7133268,28,89
1,10,7133269,41,89
1,10,7134276,23,89
1,10,7134516,29,89
1,10,7134851,24,89
1,10,7135147,28,89
1,10,7135833,23,89
1,10,7139957,29,89
1,10,7140255,29,89
1,10,7140447,29,89
1,10,7140921,29,89
NA,NA,NA,NA,NA
2,1,1057041,30,127
2,1,1057042,25,127
2,1,1057043,26,127
2,1,1057044,29,127
2,1,1057045,30,127
2,1,1057046,31,127
2,1,1057047,31,127
2,1,1057048,29,127
2,1,1057049,25,127
2,1,1057050,30,127
2,1,1057051,19,127
2,1,1057052,27,127
2,1,1057053,24,127
2,1,1057054,30,127
2,1,1057055,27,127
2,1,1057056,40,127
2,1,1057057,20,127
2,1,1057058,22,127
2,1,1057059,25,127
2,1,1057060,22,127
2,1,1057061,25,127
2,1,1057062,25,127
2,1,1057063,27,127
2,1,1057064,33,127
2,1,1057065,31,127
2,1,1057066,31,127
2,1,1057067,20,127
2,1,1057068,24,127
2,1,1057069,29,127
2,1,1057070,37,127
2,1,1057071,26,127
2,1,1057072,28,127
2,1,1057073,32,127
2,1,1057074,33,127
2,1,1057075,30,127
2,1,1057076,25,127
2,1,1057077,26,127
2,1,1057078,21,127
2,1,1057079,31,127
2,1,1057080,24,127
2,1,1057915,21,127
2,1,1059021,32,127
2,1,1059531,25,127
2,1,1065194,23,127
2,2,1606130,30,126
2,2,1606131,40,126
2,2,1606132,33,126
2,2,1606133,36,126
2,2,1606134,36,126
2,2,1606135,36,126
2,2,1606136,24,126
2,2,1606137,39,126
2,2,1606138,36,126
2,2,1606139,39,126
2,2,1606140,44,126
2,2,1606141,38,126
2,2,1606142,28,126
2,2,1606143,28,126
2,2,1606144,25,126
2,2,1606145,25,126
2,2,1606146,34,126
2,2,1606147,30,126
2,2,1606148,26,126
2,2,1606149,24,126
2,2,1606150,24,126
2,2,1606151,23,126
2,2,1606152,30,126
2,2,1606153,34,126
2,2,1606154,20,126
2,2,1606155,28,126
2,2,1606156,29,126
2,2,1606157,27,126
2,2,1606158,28,126
2,2,1606159,25,126
2,2,1606160,33,126
2,2,1606161,32,126
2,2,1606162,18,126
2,2,1606163,26,126
2,2,1606164,26,126
2,2,1606165,30,126
2,2,1606166,23,126
2,2,1606167,21,126
2,2,1606168,32,126
2,2,1606169,23,126
2,2,1607650,28,126
2,2,1608445,31,126
2,2,1609030,40,126
2,2,1609347,30,126
2,2,1611749,28,126
2,2,1613055,22,126
2,3,2320053,32,121
2,3,2320054,37,121
2,3,2320055,34,121
2,3,2320056,42,121
2,3,2320057,38,121
2,3,2320058,40,121
2,3,2320059,43,121
2,3,2320060,43,121
2,3,2320061,41,121
2,3,2320062,45,121
2,3,2320063,30,121
2,3,2320064,33,121
2,3,2320065,40,121
2,3,2320066,35,121
2,3,2320067,33,121
2,3,2320068,29,121
2,3,2320069,29,121
2,3,2320070,33,121
2,3,2320071,39,121
2,3,2320072,27,121
2,3,2320073,34,121
2,3,2320074,35,121
2,3,2320075,34,121
2,3,2320076,38,121
2,3,2320077,26,121
2,3,2320078,34,121
2,3,2320079,33,121
2,3,2320080,31,121
2,3,2320081,29,121
2,3,2320082,29,121
2,3,2320083,43,121
2,3,2320084,38,121
2,3,2320085,26,121
2,3,2320086,37,121
2,3,2320087,30,121
2,3,2320088,38,121
2,3,2320089,34,121
2,3,2320090,23,121
2,3,2320091,30,121
2,3,2320092,37,121
2,3,2322514,34,121
2,3,2323709,31,121
2,3,2325394,34,121
2,3,2326298,41,121
2,3,2326969,25,121
2,4,3007937,37,120
2,4,3007938,39,120
2,4,3007939,39,120
2,4,3007940,42,120
2,4,3007941,46,120
2,4,3007942,47,120
2,4,3007943,37,120
2,4,3007944,43,120
2,4,3007945,36,120
2,4,3007946,38,120
2,4,3007947,42,120
2,4,3007948,31,120
2,4,3007949,36,120
2,4,3007950,38,120
2,4,3007951,36,120
2,4,3007952,44,120
2,4,3007953,30,120
2,4,3007954,34,120
2,4,3007955,31,120
2,4,3007956,45,120
2,4,3007957,41,120
2,4,3007958,29,120
2,4,3007959,41,120
2,4,3007960,39,120
2,4,3007961,32,120
2,4,3007962,41,120
2,4,3007963,39,120
2,4,3007964,31,120
2,4,3007965,43,120
2,4,3007966,39,120
2,4,3007967,43,120
2,4,3007968,40,120
2,4,3007969,29,120
2,4,3007970,27,120
2,4,3007971,26,120
2,4,3007972,35,120
2,4,3007973,37,120
2,4,3007974,44,120
2,4,3007975,39,120
2,4,3007976,24,120
2,4,3008814,35,120
2,4,3009117,42,120
2,4,3010151,33,120
2,4,3010507,42,120
2,4,3014824,32,120
2,4,3015434,44,120
2,5,3679766,39,118
2,5,3679767,45,118
2,5,3679768,36,118
2,5,3679769,39,118
2,5,3679770,49,118
2,5,3679771,39,118
2,5,3679772,36,118
2,5,3679773,36,118
2,5,3679774,46,118
2,5,3679775,34,118
2,5,3679776,46,118
2,5,3679777,30,118
2,5,3679778,41,118
2,5,3679779,41,118
2,5,3679780,41,118
2,5,3679781,35,118
2,5,3679782,43,118
2,5,3679783,44,118
2,5,3679784,42,118
2,5,3679785,33,118
2,5,3679787,30,118
2,5,3679788,35,118
2,5,3679789,40,118
2,5,3679790,40,118
2,5,3679791,26,118
2,5,3679792,45,118
2,5,3679793,34,118
2,5,3679794,47,118
2,5,3679795,39,118
2,5,3679796,43,118
2,5,3679797,41,118
2,5,3679798,40,118
2,5,3679799,28,118
2,5,3679800,31,118
2,5,3679801,40,118
2,5,3679802,39,118
2,5,3679803,34,118
2,5,3679804,40,118
2,5,3679805,30,118
2,5,3679807,42,118
2,5,3681345,42,118
2,5,3681627,46,118
2,5,3683603,41,118
2,5,3684352,38,118
2,5,3686113,29,118
2,5,3687067,35,118
2,6,4366844,46,113
2,6,4366845,39,113
2,6,4366846,37,113
2,6,4366847,40,113
2,6,4366848,36,113
2,6,4366849,44,113
2,6,4366850,34,113
2,6,4366851,44,113
2,6,4366852,30,113
2,6,4366853,41,113
2,6,4366854,40,113
2,6,4366855,35,113
2,6,4366856,45,113
2,6,4366857,46,113
2,6,4366858,41,113
2,6,4366859,35,113
2,6,4366860,37,113
2,6,4366862,42,113
2,6,4366863,27,113
2,6,4366864,48,113
2,6,4366865,41,113
2,6,4366866,29,113
2,6,4366867,42,113
2,6,4366868,41,113
2,6,4366869,35,113
2,6,4366870,41,113
2,6,4366871,42,113
2,6,4366873,42,113
2,6,4366874,29,113
2,6,4366875,37,113
2,6,4366876,37,113
2,6,4366877,44,113
2,6,4366878,47,113
2,6,4366879,45,113
2,6,4366880,43,113
2,6,4366881,43,113
2,6,4366882,35,113
2,6,4366884,38,113
2,6,4366885,46,113
2,6,4366886,43,113
2,6,4367280,47,113
2,6,4367340,39,113
2,6,4367784,41,113
2,6,4368127,41,113
2,6,4368682,29,113
2,6,4368865,48,113
2,6,4370328,41,113
2,6,4373249,35,113
2,7,5039114,46,110
2,7,5039115,40,110
2,7,5039116,44,110
2,7,5039118,30,110
2,7,5039120,41,110
2,7,5039121,37,110
2,7,5039122,29,110
2,7,5039123,33,110
2,7,5039124,35,110
2,7,5039126,36,110
2,7,5039127,43,110
2,7,5039128,42,110
2,7,5039129,39,110
2,7,5039131,36,110
2,7,5039132,42,110
2,7,5039134,30,110
2,7,5039135,37,110
2,7,5039136,43,110
2,7,5039137,37,110
2,7,5039138,41,110
2,7,5039139,38,110
2,7,5039140,46,110
2,7,5039141,43,110
2,7,5039142,42,110
2,7,5039143,35,110
2,7,5039144,41,110
2,7,5039147,29,110
2,7,5039148,38,110
2,7,5039149,36,110
2,7,5039150,38,110
2,7,5039151,34,110
2,7,5039152,36,110
2,7,5039153,41,110
2,7,5039154,39,110
2,7,5039155,34,110
2,7,5039156,38,110
2,7,5039158,45,110
2,7,5039159,39,110
2,7,5039160,34,110
2,7,5039161,41,110
2,7,5039733,44,110
2,7,5040312,28,110
2,7,5040941,36,110
2,7,5042168,41,110
2,7,5045185,47,110
2,7,5045645,39,110
2,8,5761623,36,108
2,8,5761624,42,108
2,8,5761625,31,108
2,8,5761626,30,108
2,8,5761628,25,108
2,8,5761629,32,108
2,8,5761630,34,108
2,8,5761632,40,108
2,8,5761633,34,108
2,8,5761634,37,108
2,8,5761636,30,108
2,8,5761637,36,108
2,8,5761638,31,108
2,8,5761639,38,108
2,8,5761640,45,108
2,8,5761641,39,108
2,8,5761642,32,108
2,8,5761643,35,108
2,8,5761645,37,108
2,8,5761646,31,108
2,8,5761647,33,108
2,8,5761649,34,108
2,8,5761651,42,108
2,8,5761652,29,108
2,8,5761653,39,108
2,8,5761654,39,108
2,8,5761656,24,108
2,8,5761657,39,108
2,8,5761658,42,108
2,8,5761660,40,108
2,8,5761662,38,108
2,8,5761663,42,108
2,8,5761664,34,108
2,8,5761666,34,108
2,8,5761667,40,108
2,8,5761668,37,108
2,8,5761669,38,108
2,8,5761670,47,108
2,8,5761671,43,108
2,8,5761673,28,108
2,8,5766011,30,108
2,8,5768499,37,108
2,8,5768776,42,108
2,8,5769019,39,108
2,9,6407120,32,103
2,9,6407121,26,103
2,9,6407122,28,103
2,9,6407123,30,103
2,9,6407125,30,103
2,9,6407126,26,103
2,9,6407127,30,103
2,9,6407128,34,103
2,9,6407129,39,103
2,9,6407130,29,103
2,9,6407132,27,103
2,9,6407133,24,103
2,9,6407136,30,103
2,9,6407138,22,103
2,9,6407140,34,103
2,9,6407142,35,103
2,9,6407143,31,103
2,9,6407144,34,103
2,9,6407145,46,103
2,9,6407147,38,103
2,9,6407148,34,103
2,9,6407149,35,103
2,9,6407151,39,103
2,9,6407153,29,103
2,9,6407154,31,103
2,9,6407155,39,103
2,9,6407156,28,103
2,9,6407158,36,103
2,9,6407159,26,103
2,9,6407160,33,103
2,9,6407161,30,103
2,9,6407162,35,103
2,9,6407163,43,103
2,9,6407165,37,103
2,9,6407166,28,103
2,9,6407167,26,103
2,9,6407168,32,103
2,9,6407169,31,103
2,9,6407170,25,103
2,9,6407171,36,103
2,9,6407656,29,103
2,9,6408016,29,103
2,9,6408125,27,103
2,9,6409076,36,103
2,9,6409130,42,103
2,9,6409312,32,103
2,9,6410272,39,103
2,9,6413174,33,103
2,9,6413691,44,103
2,10,7134069,24,87
2,10,7134070,20,87
2,10,7134071,22,87
2,10,7134073,20,87
2,10,7134074,26,87
2,10,7134076,23,87
2,10,7134077,27,87
2,10,7134079,29,87
2,10,7134080,28,87
2,10,7134081,25,87
2,10,7134082,23,87
2,10,7134085,19,87
2,10,7134086,24,87
2,10,7134087,24,87
2,10,7134088,22,87
2,10,7134089,29,87
2,10,7134090,27,87
2,10,7134091,28,87
2,10,7134092,24,87
2,10,7134093,38,87
2,10,7134094,26,87
2,10,7134095,23,87
2,10,7134097,23,87
2,10,7134098,25,87
2,10,7134100,20,87
2,10,7134101,18,87
2,10,7134102,24,87
2,10,7134104,20,87
2,10,7134106,29,87
2,10,7134107,36,87
2,10,7134109,31,87
2,10,7134112,36,87
2,10,7134113,30,87
2,10,7134114,24,87
2,10,7134115,32,87
2,10,7134116,21,87
2,10,7134118,32,87
2,10,7134119,38,87
2,10,7134121,33,87
2,10,7134122,18,87
2,10,7134634,23,87
2,10,7134839,29,87
2,10,7135255,35,87
2,10,7135860,23,87
2,10,7139722,26,87
NA,NA,NA,NA,NA
3,1,1057041,31,127
3,1,1057042,24,127
3,1,1057043,28,127
3,1,1057044,35,127
3,1,1057045,29,127
3,1,1057046,33,127
3,1,1057047,30,127
3,1,1057048,26,127
3,1,1057049,27,127
3,1,1057050,27,127
3,1,1057051,23,127
3,1,1057052,25,127
3,1,1057053,22,127
3,1,1057054,32,127
3,1,1057055,25,127
3,1,1057056,26,127
3,1,1057057,28,127
3,1,1057058,29,127
3,1,1057059,25,127
3,1,1057060,23,127
3,1,1057061,26,127
3,1,1057062,30,127
3,1,1057063,28,127
3,1,1057064,26,127
3,1,1057065,35,127
3,1,1057066,26,127
3,1,1057067,26,127
3,1,1057068,27,127
3,1,1057069,29,127
3,1,1057070,29,127
3,1,1057071,32,127
3,1,1057072,35,127
3,1,1057073,31,127
3,1,1057074,21,127
3,1,1057075,30,127
3,1,1057076,28,127
3,1,1057077,21,127
3,1,1057078,29,127
3,1,1057079,25,127
3,1,1057080,26,127
3,1,1058239,23,127
3,1,1058288,28,127
3,1,1059735,21,127
3,1,1060681,28,127
3,1,1064071,28,127
3,1,1064594,27,127
3,1,1064677,24,127
3,2,1663832,29,123
3,2,1663833,35,123
3,2,1663834,38,123
3,2,1663835,32,123
3,2,1663836,33,123
3,2,1663837,32,123
3,2,1663838,34,123
3,2,1663839,34,123
3,2,1663840,31,123
3,2,1663841,33,123
3,2,1663842,34,123
3,2,1663843,34,123
3,2,1663844,36,123
3,2,1663845,36,123
3,2,1663846,38,123
3,2,1663847,39,123
3,2,1663848,30,123
3,2,1663849,30,123
3,2,1663850,31,123
3,2,1663851,36,123
3,2,1663852,39,123
3,2,1663853,32,123
3,2,1663854,33,123
3,2,1663855,24,123
3,2,1663856,35,123
3,2,1663857,23,123
3,2,1663858,21,123
3,2,1663859,18,123
3,2,1663860,31,123
3,2,1663861,23,123
3,2,1663862,25,123
3,2,1663863,24,123
3,2,1663864,23,123
3,2,1663865,25,123
3,2,1663866,29,123
3,2,1663867,31,123
3,2,1663868,26,123
3,2,1663869,32,123
3,2,1663870,27,123
3,2,1663871,25,123
3,2,1667662,28,123
3,2,1668867,36,123
3,2,1670140,31,123
3,2,1670923,25,123
3,3,2346929,41,122
3,3,2346930,37,122
3,3,2346931,38,122
3,3,2346932,37,122
3,3,2346933,35,122
3,3,2346934,38,122
3,3,2346935,36,122
3,3,2346936,40,122
3,3,2346937,44,122
3,3,2346938,43,122
3,3,2346939,37,122
3,3,2346940,37,122
3,3,2346941,39,122
3,3,2346942,39,122
3,3,2346943,37,122
3,3,2346945,36,122
3,3,2346946,41,122
3,3,2346947,31,122
3,3,2346948,24,122
3,3,2346949,38,122
3,3,2346950,28,122
3,3,2346951,28,122
3,3,2346952,35,122
3,3,2346953,30,122
3,3,2346954,38,122
3,3,2346955,30,122
3,3,2346956,36,122
3,3,2346957,30,122
3,3,2346958,29,122
3,3,2346959,35,122
3,3,2346960,37,122
3,3,2346961,29,122
3,3,2346962,34,122
3,3,2346963,32,122
3,3,2346965,38,122
3,3,2346966,32,122
3,3,2346967,30,122
3,3,2346968,31,122
3,3,2346969,29,122
3,3,2346971,36,122
3,3,2348741,32,122
3,3,2349832,34,122
3,3,2350430,34,122
3,3,2350495,31,122
3,3,2353649,39,122
3,4,3011905,35,121
3,4,3011906,37,121
3,4,3011907,40,121
3,4,3011908,38,121
3,4,3011909,38,121
3,4,3011910,39,121
3,4,3011911,41,121
3,4,3011912,41,121
3,4,3011913,43,121
3,4,3011914,40,121
3,4,3011915,38,121
3,4,3011916,28,121
3,4,3011917,31,121
3,4,3011919,36,121
3,4,3011920,31,121
3,4,3011921,38,121
3,4,3011922,32,121
3,4,3011923,41,121
3,4,3011924,31,121
3,4,3011925,33,121
3,4,3011926,35,121
3,4,3011927,31,121
3,4,3011928,40,121
3,4,3011930,37,121
3,4,3011931,34,121
3,4,3011932,40,121
3,4,3011933,39,121
3,4,3011934,37,121
3,4,3011935,41,121
3,4,3011936,41,121
3,4,3011937,37,121
3,4,3011938,39,121
3,4,3011939,26,121
3,4,3011940,23,121
3,4,3011941,34,121
3,4,3011942,31,121
3,4,3011943,32,121
3,4,3011944,34,121
3,4,3011945,29,121
3,4,3011946,27,121
3,4,3018575,40,121
3,4,3019260,31,121
3,4,3019543,36,121
3,5,3729001,37,120
3,5,3729002,39,120
3,5,3729003,41,120
3,5,3729004,44,120
3,5,3729005,42,120
3,5,3729006,39,120
3,5,3729007,29,120
3,5,3729008,36,120
3,5,3729009,33,120
3,5,3729011,41,120
3,5,3729012,33,120
3,5,3729013,34,120
3,5,3729014,33,120
3,5,3729015,35,120
3,5,3729016,40,120
3,5,3729017,38,120
3,5,3729018,42,120
3,5,3729020,39,120
3,5,3729021,41,120
3,5,3729022,27,120
3,5,3729023,25,120
3,5,3729024,36,120
3,5,3729025,32,120
3,5,3729026,32,120
3,5,3729027,32,120
3,5,3729029,27,120
3,5,3729030,34,120
3,5,3729031,34,120
3,5,3729032,38,120
3,5,3729033,38,120
3,5,3729034,39,120
3,5,3729035,39,120
3,5,3729036,26,120
3,5,3729037,39,120
3,5,3729038,32,120
3,5,3729039,36,120
3,5,3729040,35,120
3,5,3729041,34,120
3,5,3729042,38,120
3,5,3729043,34,120
3,5,3731822,32,120
3,5,3732549,31,120
3,5,3733700,36,120
3,5,3733910,34,120
3,5,3735218,44,120
3,6,4458036,36,119
3,6,4458037,34,119
3,6,4458038,37,119
3,6,4458039,36,119
3,6,4458040,39,119
3,6,4458041,43,119
3,6,4458042,37,119
3,6,4458043,30,119
3,6,4458044,33,119
3,6,4458045,40,119
3,6,4458046,34,119
3,6,4458047,35,119
3,6,4458048,40,119
3,6,4458050,37,119
3,6,4458051,41,119
3,6,4458052,29,119
3,6,4458053,33,119
3,6,4458054,33,119
3,6,4458055,31,119
3,6,4458056,35,119
3,6,4458057,36,119
3,6,4458058,39,119
3,6,4458059,39,119
3,6,4458060,40,119
3,6,4458061,39,119
3,6,4458062,32,119
3,6,4458063,38,119
3,6,4458064,32,119
3,6,4458065,44,119
3,6,4458066,40,119
3,6,4458068,34,119
3,6,4458069,38,119
3,6,4458070,41,119
3,6,4458071,40,119
3,6,4458072,41,119
3,6,4458073,27,119
3,6,4458074,25,119
3,6,4458075,36,119
3,6,4458076,30,119
3,6,4458077,31,119
3,6,4459155,41,119
3,6,4459919,40,119
3,6,4461136,38,119
3,6,4461531,39,119
3,6,4464697,42,119
3,7,5168939,40,117
3,7,5168940,28,117
3,7,5168941,32,117
3,7,5168942,33,117
3,7,5168943,30,117
3,7,5168945,38,117
3,7,5168946,30,117
3,7,5168947,29,117
3,7,5168948,31,117
3,7,5168949,38,117
3,7,5168951,34,117
3,7,5168952,24,117
3,7,5168953,34,117
3,7,5168954,42,117
3,7,5168955,32,117
3,7,5168956,34,117
3,7,5168958,36,117
3,7,5168960,36,117
3,7,5168961,38,117
3,7,5168962,31,117
3,7,5168963,41,117
3,7,5168964,28,117
3,7,5168965,28,117
3,7,5168966,36,117
3,7,5168967,29,117
3,7,5168968,41,117
3,7,5168969,34,117
3,7,5168970,32,117
3,7,5168971,39,117
3,7,5168973,37,117
3,7,5168974,34,117
3,7,5168975,32,117
3,7,5168977,27,117
3,7,5168978,32,117
3,7,5168979,29,117
3,7,5168980,34,117
3,7,5168981,40,117
3,7,5168982,40,117
3,7,5168984,37,117
3,7,5168985,38,117
3,7,5169932,31,117
3,7,5172753,41,117
3,7,5173067,28,117
3,7,5173852,32,117
3,8,5875369,21,104
3,8,5875373,26,104
3,8,5875374,26,104
3,8,5875376,26,104
3,8,5875378,26,104
3,8,5875379,32,104
3,8,5875380,20,104
3,8,5875381,32,104
3,8,5875383,28,104
3,8,5875384,26,104
3,8,5875385,37,104
3,8,5875386,28,104
3,8,5875387,28,104
3,8,5875388,27,104
3,8,5875389,37,104
3,8,5875390,30,104
3,8,5875392,25,104
3,8,5875393,34,104
3,8,5875395,27,104
3,8,5875396,27,104
3,8,5875398,28,104
3,8,5875399,30,104
3,8,5875400,34,104
3,8,5875402,34,104
3,8,5875403,31,104
3,8,5875405,32,104
3,8,5875406,30,104
3,8,5875407,34,104
3,8,5875412,33,104
3,8,5875413,31,104
3,8,5875414,31,104
3,8,5875416,30,104
3,8,5875417,38,104
3,8,5875418,34,104
3,8,5875421,36,104
3,8,5875422,37,104
3,8,5875423,29,104
3,8,5875424,28,104
3,8,5875425,24,104
3,8,5875427,29,104
3,8,5877729,33,104
3,8,5880139,21,104
3,8,5882492,34,104
3,8,5883216,35,104
3,8,5883566,31,104
3,9,6593716,26,101
3,9,6593717,20,101
3,9,6593718,20,101
3,9,6593719,20,101
3,9,6593720,22,101
3,9,6593721,18,101
3,9,6593722,31,101
3,9,6593723,21,101
3,9,6593725,23,101
3,9,6593726,20,101
3,9,6593727,25,101
3,9,6593728,21,101
3,9,6593729,26,101
3,9,6593730,26,101
3,9,6593731,26,101
3,9,6593732,32,101
3,9,6593733,26,101
3,9,6593735,22,101
3,9,6593736,27,101
3,9,6593737,24,101
3,9,6593738,25,101
3,9,6593739,30,101
3,9,6593740,29,101
3,9,6593741,22,101
3,9,6593742,20,101
3,9,6593743,30,101
3,9,6593744,28,101
3,9,6593745,28,101
3,9,6593746,21,101
3,9,6593747,23,101
3,9,6593749,31,101
3,9,6593750,27,101
3,9,6593751,28,101
3,9,6593752,23,101
3,9,6593753,28,101
3,9,6593754,27,101
3,9,6593755,31,101
3,9,6593756,29,101
3,9,6593757,31,101
3,9,6593758,16,101
3,9,6594125,27,101
3,9,6594217,22,101
3,9,6594297,19,101
3,9,6595171,33,101
3,9,6595771,27,101
3,9,6596999,29,101
3,9,6600228,24,101
3,10,7296493,20,83
3,10,7296494,16,83
3,10,7296497,14,83
3,10,7296498,24,83
3,10,7296499,25,83
3,10,7296500,16,83
3,10,7296501,14,83
3,10,7296503,19,83
3,10,7296506,19,83
3,10,7296507,18,83
3,10,7296508,21,83
3,10,7296509,18,83
3,10,7296510,20,83
3,10,7296511,16,83
3,10,7296512,18,83
3,10,7296513,22,83
3,10,7296514,19,83
3,10,7296515,25,83
3,10,7296516,21,83
3,10,7296518,24,83
3,10,7296519,20,83
3,10,7296520,21,83
3,10,7296521,19,83
3,10,7296522,25,83
3,10,7296523,21,83
3,10,7296524,29,83
3,10,7296526,22,83
3,10,7296527,19,83
3,10,7296528,20,83
3,10,7296529,26,83
3,10,7296530,22,83
3,10,7296531,20,83
3,10,7296533,23,83
3,10,7296536,23,83
3,10,7296537,21,83
3,10,7296538,27,83
3,10,7296539,18,83
3,10,7296542,19,83
3,10,7296543,29,83
3,10,7296544,18,83
3,10,7296987,22,83
3,10,7297215,15,83
3,10,7298008,20,83
3,10,7299557,26,83
3,10,7299698,26,83
3,10,7300887,19,83
3,10,7303407,30,83
NA,NA,NA,NA,NA
4,1,1057041,25,128
4,1,1057042,25,128
4,1,1057043,27,128
4,1,1057044,31,128
4,1,1057045,32,128
4,1,1057046,21,128
4,1,1057047,32,128
4,1,1057048,34,128
4,1,1057049,23,128
4,1,1057050,24,128
4,1,1057051,27,128
4,1,1057052,35,128
4,1,1057053,36,128
4,1,1057054,26,128
4,1,1057055,33,128
4,1,1057056,31,128
4,1,1057057,32,128
4,1,1057058,30,128
4,1,1057059,31,128
4,1,1057060,32,128
4,1,1057061,22,128
4,1,1057062,32,128
4,1,1057063,26,128
4,1,1057064,30,128
4,1,1057065,27,128
4,1,1057066,31,128
4,1,1057067,34,128
4,1,1057068,27,128
4,1,1057069,20,128
4,1,1057070,34,128
4,1,1057071,25,128
4,1,1057072,24,128
4,1,1057073,30,128
4,1,1057074,24,128
4,1,1057075,29,128
4,1,1057076,31,128
4,1,1057077,28,128
4,1,1057078,22,128
4,1,1057079,32,128
4,1,1057080,28,128
4,1,1057537,22,128
4,1,1058193,32,128
4,1,1059182,30,128
4,1,1059987,32,128
4,1,1059994,34,128
4,1,1063474,31,128
4,1,1064642,24,128
4,1,1064749,24,128
4,1,1065027,33,128
4,2,1637687,33,127
4,2,1637688,40,127
4,2,1637689,36,127
4,2,1637690,40,127
4,2,1637691,29,127
4,2,1637692,33,127
4,2,1637693,39,127
4,2,1637694,42,127
4,2,1637695,31,127
4,2,1637696,39,127
4,2,1637697,41,127
4,2,1637698,43,127
4,2,1637699,34,127
4,2,1637700,37,127
4,2,1637701,30,127
4,2,1637702,39,127
4,2,1637703,31,127
4,2,1637704,39,127
4,2,1637705,39,127
4,2,1637706,31,127
4,2,1637707,22,127
4,2,1637708,25,127
4,2,1637709,30,127
4,2,1637710,30,127
4,2,1637711,29,127
4,2,1637712,27,127
4,2,1637713,23,127
4,2,1637714,30,127
4,2,1637715,30,127
4,2,1637716,26,127
4,2,1637717,29,127
4,2,1637718,28,127
4,2,1637719,32,127
4,2,1637720,28,127
4,2,1637721,22,127
4,2,1637722,25,127
4,2,1637723,30,127
4,2,1637724,30,127
4,2,1637725,29,127
4,2,1637726,29,127
4,2,1638724,31,127
4,2,1639383,28,127
4,2,1640855,33,127
4,2,1641201,30,127
4,2,1644601,25,127
4,2,1645695,26,127
4,3,2308659,39,123
4,3,2308660,32,123
4,3,2308661,33,123
4,3,2308662,39,123
4,3,2308663,46,123
4,3,2308664,47,123
4,3,2308665,33,123
4,3,2308666,37,123
4,3,2308667,41,123
4,3,2308668,45,123
4,3,2308669,44,123
4,3,2308670,44,123
4,3,2308671,42,123
4,3,2308672,36,123
4,3,2308673,24,123
4,3,2308674,28,123
4,3,2308675,38,123
4,3,2308676,35,123
4,3,2308677,34,123
4,3,2308678,35,123
4,3,2308679,36,123
4,3,2308680,35,123
4,3,2308681,39,123
4,3,2308682,34,123
4,3,2308683,36,123
4,3,2308684,37,123
4,3,2308685,36,123
4,3,2308686,30,123
4,3,2308687,32,123
4,3,2308688,43,123
4,3,2308689,33,123
4,3,2308690,36,123
4,3,2308691,44,123
4,3,2308692,32,123
4,3,2308693,36,123
4,3,2308694,38,123
4,3,2308695,42,123
4,3,2308696,34,123
4,3,2308697,39,123
4,3,2308698,34,123
4,3,2309975,31,123
4,3,2310490,28,123
4,3,2312627,43,123
4,3,2313274,46,123
4,4,2949468,34,123
4,4,2949469,35,123
4,4,2949471,49,123
4,4,2949472,34,123
4,4,2949473,46,123
4,4,2949474,39,123
4,4,2949475,47,123
4,4,2949476,44,123
4,4,2949477,45,123
4,4,2949478,41,123
4,4,2949479,32,123
4,4,2949480,42,123
4,4,2949481,39,123
4,4,2949482,41,123
4,4,2949483,37,123
4,4,2949484,36,123
4,4,2949485,39,123
4,4,2949486,38,123
4,4,2949487,49,123
4,4,2949488,38,123
4,4,2949489,41,123
4,4,2949490,49,123
4,4,2949491,41,123
4,4,2949492,38,123
4,4,2949493,44,123
4,4,2949494,44,123
4,4,2949496,43,123
4,4,2949497,37,123
4,4,2949498,27,123
4,4,2949499,29,123
4,4,2949500,37,123
4,4,2949501,36,123
4,4,2949502,33,123
4,4,2949503,37,123
4,4,2949504,37,123
4,4,2949505,38,123
4,4,2949506,35,123
4,4,2949507,41,123
4,4,2949508,34,123
4,4,2949509,47,123
4,4,2949883,41,123
4,4,2952749,46,123
4,4,2957092,35,123
4,4,2957620,40,123
4,5,3611422,41,123
4,5,3611423,36,123
4,5,3611424,36,123
4,5,3611425,47,123
4,5,3611426,49,123
4,5,3611427,34,123
4,5,3611428,40,123
4,5,3611429,44,123
4,5,3611430,39,123
4,5,3611431,37,123
4,5,3611432,43,123
4,5,3611433,44,123
4,5,3611434,40,123
4,5,3611435,39,123
4,5,3611436,43,123
4,5,3611437,39,123
4,5,3611438,30,123
4,5,3611439,32,123
4,5,3611440,38,123
4,5,3611441,43,123
4,5,3611442,37,123
4,5,3611443,49,123
4,5,3611444,38,123
4,5,3611445,42,123
4,5,3611446,48,123
4,5,3611447,33,123
4,5,3611448,49,123
4,5,3611449,47,123
4,5,3611450,46,123
4,5,3611451,46,123
4,5,3611452,38,123
4,5,3611453,39,123
4,5,3611454,39,123
4,5,3611455,42,123
4,5,3611456,37,123
4,5,3611457,38,123
4,5,3611458,41,123
4,5,3611459,40,123
4,5,3611460,47,123
4,5,3611461,37,123
4,5,3612086,36,123
4,5,3612140,41,123
4,5,3612334,43,123
4,5,3614001,47,123
4,5,3614405,45,123
4,5,3617797,40,123
4,5,3618742,42,123
4,5,3618839,37,123
4,6,4285887,37,123
4,6,4285888,43,123
4,6,4285889,42,123
4,6,4285890,41,123
4,6,4285891,35,123
4,6,4285892,40,123
4,6,4285893,39,123
4,6,4285894,41,123
4,6,4285895,41,123
4,6,4285896,43,123
4,6,4285897,31,123
4,6,4285898,34,123
4,6,4285899,40,123
4,6,4285900,46,123
4,6,4285901,41,123
4,6,4285902,42,123
4,6,4285903,50,123
4,6,4285904,45,123
4,6,4285905,42,123
4,6,4285906,40,123
4,6,4285907,42,123
4,6,4285908,40,123
4,6,4285909,42,123
4,6,4285910,41,123
4,6,4285911,49,123
4,6,4285912,46,123
4,6,4285913,41,123
4,6,4285914,40,123
4,6,4285915,42,123
4,6,4285916,38,123
4,6,4285917,35,123
4,6,4285918,46,123
4,6,4285919,39,123
4,6,4285920,40,123
4,6,4285921,31,123
4,6,4285922,32,123
4,6,4285923,38,123
4,6,4285925,38,123
4,6,4285926,34,123
4,6,4285927,43,123
4,6,4287615,42,123
4,6,4288682,44,123
4,6,4289550,47,123
4,6,4289609,40,123
4,6,4292260,45,123
4,6,4292332,49,123
4,6,4292669,32,123
4,6,4293442,41,123
4,6,4293825,29,123
4,7,4938103,42,122
4,7,4938104,34,122
4,7,4938105,41,122
4,7,4938106,35,122
4,7,4938107,35,122
4,7,4938108,30,122
4,7,4938109,39,122
4,7,4938110,32,122
4,7,4938111,39,122
4,7,4938112,42,122
4,7,4938113,43,122
4,7,4938114,38,122
4,7,4938115,42,122
4,7,4938116,46,122
4,7,4938117,47,122
4,7,4938118,40,122
4,7,4938119,43,122
4,7,4938120,35,122
4,7,4938122,39,122
4,7,4938123,39,122
4,7,4938124,33,122
4,7,4938125,39,122
4,7,4938126,48,122
4,7,4938128,33,122
4,7,4938129,30,122
4,7,4938131,34,122
4,7,4938132,41,122
4,7,4938133,38,122
4,7,4938134,40,122
4,7,4938135,32,122
4,7,4938136,39,122
4,7,4938137,44,122
4,7,4938138,38,122
4,7,4938139,42,122
4,7,4938140,45,122
4,7,4938141,46,122
4,7,4938142,39,122
4,7,4938143,40,122
4,7,4938145,50,122
4,7,4938146,39,122
4,7,4938566,36,122
4,7,4939057,37,122
4,7,4939675,32,122
4,7,4939883,40,122
4,7,4940354,40,122
4,7,4940443,49,122
4,7,4941040,42,122
4,7,4943331,39,122
4,7,4945611,33,122
4,7,4945979,40,122
4,7,4946093,40,122
4,8,5583050,29,117
4,8,5583051,30,117
4,8,5583052,32,117
4,8,5583053,39,117
4,8,5583054,39,117
4,8,5583055,48,117
4,8,5583057,37,117
4,8,5583058,36,117
4,8,5583059,40,117
4,8,5583060,28,117
4,8,5583061,27,117
4,8,5583062,26,117
4,8,5583063,30,117
4,8,5583064,37,117
4,8,5583065,35,117
4,8,5583066,30,117
4,8,5583068,33,117
4,8,5583069,32,117
4,8,5583070,32,117
4,8,5583071,40,117
4,8,5583073,35,117
4,8,5583074,42,117
4,8,5583076,36,117
4,8,5583077,40,117
4,8,5583078,39,117
4,8,5583079,37,117
4,8,5583080,32,117
4,8,5583081,29,117
4,8,5583082,35,117
4,8,5583083,30,117
4,8,5583084,37,117
4,8,5583085,45,117
4,8,5583087,31,117
4,8,5583088,37,117
4,8,5583089,38,117
4,8,5583090,30,117
4,8,5583092,37,117
4,8,5583093,47,117
4,8,5583096,31,117
4,8,5583097,36,117
4,8,5583583,33,117
4,8,5584738,40,117
4,8,5584817,30,117
4,8,5585555,37,117
4,9,6285409,31,115
4,9,6285410,37,115
4,9,6285411,24,115
4,9,6285412,23,115
4,9,6285413,26,115
4,9,6285414,27,115
4,9,6285416,22,115
4,9,6285418,27,115
4,9,6285419,32,115
4,9,6285420,31,115
4,9,6285421,26,115
4,9,6285422,24,115
4,9,6285423,30,115
4,9,6285424,38,115
4,9,6285425,30,115
4,9,6285426,35,115
4,9,6285429,32,115
4,9,6285431,24,115
4,9,6285432,28,115
4,9,6285433,31,115
4,9,6285434,35,115
4,9,6285436,36,115
4,9,6285437,43,115
4,9,6285438,25,115
4,9,6285439,30,115
4,9,6285440,46,115
4,9,6285442,33,115
4,9,6285443,32,115
4,9,6285444,36,115
4,9,6285445,22,115
4,9,6285446,29,115
4,9,6285447,35,115
4,9,6285449,34,115
4,9,6285450,28,115
4,9,6285451,28,115
4,9,6285452,35,115
4,9,6285454,41,115
4,9,6285455,36,115
4,9,6285456,39,115
4,9,6285457,31,115
4,9,6286899,36,115
4,9,6288707,27,115
4,9,6292663,30,115
4,10,6939018,26,95
4,10,6939020,25,95
4,10,6939021,23,95
4,10,6939022,21,95
4,10,6939023,24,95
4,10,6939024,24,95
4,10,6939025,24,95
4,10,6939026,23,95
4,10,6939027,21,95
4,10,6939028,24,95
4,10,6939029,29,95
4,10,6939030,23,95
4,10,6939032,27,95
4,10,6939033,28,95
4,10,6939034,35,95
4,10,6939035,20,95
4,10,6939036,25,95
4,10,6939037,25,95
4,10,6939038,24,95
4,10,6939039,27,95
4,10,6939040,37,95
4,10,6939041,32,95
4,10,6939043,23,95
4,10,6939044,26,95
4,10,6939045,27,95
4,10,6939046,31,95
4,10,6939047,22,95
4,10,6939048,26,95
4,10,6939049,25,95
4,10,6939050,25,95
4,10,6939051,28,95
4,10,6939052,27,95
4,10,6939053,28,95
4,10,6939054,25,95
4,10,6939055,37,95
4,10,6939056,27,95
4,10,6939057,35,95
4,10,6939058,38,95
4,10,6939059,24,95
4,10,6939060,24,95
4,10,6940485,34,95
4,10,6942956,35,95
NA,NA,NA,NA,NA
5,1,1057041,22,128
5,1,1057042,29,128
5,1,1057043,33,128
5,1,1057044,32,128
5,1,1057045,27,128
5,1,1057046,31,128
5,1,1057047,33,128
5,1,1057048,26,128
5,1,1057049,41,128
5,1,1057050,32,128
5,1,1057051,26,128
5,1,1057052,32,128
5,1,1057053,33,128
5,1,1057054,32,128
5,1,1057055,30,128
5,1,1057056,30,128
5,1,1057057,21,128
5,1,1057058,22,128
5,1,1057059,21,128
5,1,1057060,33,128
5,1,1057061,28,128
5,1,1057062,27,128
5,1,1057063,23,128
5,1,1057064,33,128
5,1,1057065,32,128
5,1,1057066,29,128
5,1,1057067,28,128
5,1,1057068,24,128
5,1,1057069,27,128
5,1,1057070,30,128
5,1,1057071,28,128
5,1,1057072,25,128
5,1,1057073,35,128
5,1,1057074,32,128
5,1,1057075,25,128
5,1,1057076,22,128
5,1,1057077,24,128
5,1,1057078,24,128
5,1,1057079,35,128
5,1,1057080,33,128
5,1,1057830,29,128
5,1,1058434,28,128
5,1,1058754,27,128
5,1,1058982,23,128
5,1,1059148,32,128
5,1,1059906,25,128
5,1,1060290,22,128
5,1,1060455,29,128
5,1,1060874,23,128
5,1,1061349,25,128
5,2,1657505,38,128
5,2,1657506,33,128
5,2,1657507,36,128
5,2,1657508,29,128
5,2,1657509,44,128
5,2,1657510,35,128
5,2,1657511,32,128
5,2,1657512,37,128
5,2,1657513,34,128
5,2,1657514,39,128
5,2,1657515,36,128
5,2,1657516,36,128
5,2,1657517,30,128
5,2,1657518,31,128
5,2,1657519,39,128
5,2,1657520,35,128
5,2,1657521,36,128
5,2,1657522,42,128
5,2,1657523,34,128
5,2,1657524,45,128
5,2,1657525,42,128
5,2,1657526,32,128
5,2,1657527,30,128
5,2,1657528,30,128
5,2,1657529,25,128
5,2,1657530,32,128
5,2,1657531,31,128
5,2,1657532,25,128
5,2,1657533,26,128
5,2,1657534,29,128
5,2,1657535,24,128
5,2,1657536,23,128
5,2,1657537,28,128
5,2,1657538,25,128
5,2,1657539,25,128
5,2,1657540,22,128
5,2,1657541,25,128
5,2,1657542,27,128
5,2,1657543,27,128
5,2,1657544,24,128
5,2,1657949,33,128
5,2,1659404,24,128
5,2,1660428,33,128
5,2,1660953,35,128
5,2,1662234,38,128
5,2,1662510,38,128
5,2,1663463,24,128
5,2,1663742,30,128
5,2,1664818,27,128
5,3,2375368,40,126
5,3,2375369,30,126
5,3,2375370,40,126
5,3,2375371,38,126
5,3,2375372,37,126
5,3,2375373,35,126
5,3,2375374,36,126
5,3,2375375,44,126
5,3,2375376,39,126
5,3,2375377,39,126
5,3,2375378,36,126
5,3,2375379,43,126
5,3,2375380,39,126
5,3,2375381,36,126
5,3,2375382,49,126
5,3,2375383,46,126
5,3,2375384,37,126
5,3,2375385,35,126
5,3,2375386,27,126
5,3,2375387,37,126
5,3,2375388,29,126
5,3,2375389,31,126
5,3,2375390,34,126
5,3,2375391,26,126
5,3,2375392,36,126
5,3,2375393,32,126
5,3,2375394,24,126
5,3,2375395,30,126
5,3,2375396,29,126
5,3,2375397,37,126
5,3,2375398,40,126
5,3,2375399,30,126
5,3,2375400,33,126
5,3,2375401,25,126
5,3,2375402,27,126
5,3,2375403,34,126
5,3,2375404,34,126
5,3,2375405,34,126
5,3,2375406,38,126
5,3,2375407,36,126
5,3,2376174,40,126
5,3,2377094,24,126
5,3,2377695,33,126
5,3,2381938,36,126
5,4,2996790,42,125
5,4,2996791,27,125
5,4,2996793,38,125
5,4,2996794,41,125
5,4,2996795,34,125
5,4,2996796,44,125
5,4,2996797,37,125
5,4,2996798,37,125
5,4,2996799,50,125
5,4,2996801,49,125
5,4,2996802,40,125
5,4,2996803,38,125
5,4,2996804,31,125
5,4,2996805,34,125
5,4,2996807,39,125
5,4,2996808,24,125
5,4,2996809,38,125
5,4,2996810,42,125
5,4,2996811,32,125
5,4,2996812,37,125
5,4,2996813,40,125
5,4,2996814,39,125
5,4,2996815,31,125
5,4,2996816,40,125
5,4,2996817,34,125
5,4,2996818,37,125
5,4,2996819,42,125
5,4,2996820,42,125
5,4,2996821,39,125
5,4,2996822,46,125
5,4,2996823,36,125
5,4,2996824,33,125
5,4,2996825,28,125
5,4,2996826,40,125
5,4,2996827,32,125
5,4,2996828,32,125
5,4,2996829,27,125
5,4,2996830,33,125
5,4,2996831,27,125
5,4,2996832,36,125
5,4,2997233,42,125
5,4,2998099,31,125
5,4,2998711,33,125
5,4,3004374,34,125
5,4,3004546,32,125
5,4,3004588,27,125
5,4,3004723,30,125
5,5,3684568,43,125
5,5,3684569,34,125
5,5,3684571,34,125
5,5,3684572,42,125
5,5,3684573,44,125
5,5,3684574,35,125
5,5,3684575,39,125
5,5,3684576,38,125
5,5,3684578,32,125
5,5,3684579,40,125
5,5,3684580,43,125
5,5,3684583,38,125
5,5,3684584,41,125
5,5,3684585,42,125
5,5,3684586,42,125
5,5,3684587,39,125
5,5,3684588,46,125
5,5,3684589,38,125
5,5,3684590,35,125
5,5,3684592,29,125
5,5,3684593,41,125
5,5,3684594,34,125
5,5,3684596,28,125
5,5,3684597,33,125
5,5,3684599,40,125
5,5,3684600,28,125
5,5,3684601,27,125
5,5,3684602,34,125
5,5,3684603,42,125
5,5,3684606,42,125
5,5,3684607,38,125
5,5,3684608,49,125
5,5,3684610,48,125
5,5,3684611,39,125
5,5,3684612,36,125
5,5,3684613,37,125
5,5,3684614,24,125
5,5,3684615,37,125
5,5,3684617,41,125
5,5,3684618,30,125
5,5,3685785,47,125
5,5,3686478,39,125
5,5,3691926,27,125
5,6,4383328,46,123
5,6,4383329,38,123
5,6,4383330,38,123
5,6,4383331,35,123
5,6,4383332,31,123
5,6,4383333,37,123
5,6,4383334,44,123
5,6,4383335,27,123
5,6,4383336,42,123
5,6,4383337,37,123
5,6,4383338,42,123
5,6,4383339,38,123
5,6,4383340,44,123
5,6,4383341,35,123
5,6,4383343,30,123
5,6,4383344,42,123
5,6,4383345,28,123
5,6,4383346,33,123
5,6,4383347,40,123
5,6,4383348,46,123
5,6,4383349,45,123
5,6,4383350,38,123
5,6,4383351,36,123
5,6,4383352,25,123
5,6,4383353,42,123
5,6,4383354,35,123
5,6,4383355,42,123
5,6,4383356,33,123
5,6,4383357,39,123
5,6,4383358,31,123
5,6,4383359,39,123
5,6,4383360,42,123
5,6,4383361,38,123
5,6,4383362,40,123
5,6,4383363,41,123
5,6,4383364,37,123
5,6,4383365,35,123
5,6,4383366,28,123
5,6,4383367,34,123
5,6,4383369,34,123
5,6,4385348,39,123
5,6,4387285,42,123
5,6,4389243,30,123
5,6,4390540,38,123
5,6,4390966,34,123
5,7,5050661,35,120
5,7,5050663,38,120
5,7,5050665,30,120
5,7,5050666,34,120
5,7,5050667,26,120
5,7,5050668,30,120
5,7,5050669,30,120
5,7,5050670,41,120
5,7,5050671,27,120
5,7,5050672,34,120
5,7,5050674,42,120
5,7,5050675,35,120
5,7,5050676,33,120
5,7,5050677,38,120
5,7,5050678,25,120
5,7,5050679,38,120
5,7,5050682,31,120
5,7,5050683,40,120
5,7,5050684,35,120
5,7,5050685,38,120
5,7,5050686,34,120
5,7,5050687,29,120
5,7,5050688,34,120
5,7,5050689,42,120
5,7,5050690,34,120
5,7,5050692,35,120
5,7,5050693,37,120
5,7,5050694,37,120
5,7,5050695,35,120
5,7,5050698,35,120
5,7,5050699,43,120
5,7,5050700,35,120
5,7,5050702,43,120
5,7,5050703,37,120
5,7,5050704,42,120
5,7,5050707,35,120
5,7,5050708,48,120
5,7,5050709,36,120
5,7,5050710,37,120
5,7,5050712,25,120
5,7,5051069,38,120
5,7,5051344,31,120
5,7,5051832,39,120
5,7,5053820,40,120
5,7,5053992,28,120
5,7,5054730,39,120
5,7,5056996,30,120
5,8,5761413,27,117
5,8,5761414,32,117
5,8,5761415,21,117
5,8,5761417,27,117
5,8,5761418,24,117
5,8,5761420,34,117
5,8,5761421,22,117
5,8,5761422,29,117
5,8,5761423,32,117
5,8,5761424,29,117
5,8,5761425,30,117
5,8,5761426,32,117
5,8,5761427,29,117
5,8,5761428,30,117
5,8,5761429,31,117
5,8,5761431,36,117
5,8,5761432,34,117
5,8,5761433,31,117
5,8,5761434,33,117
5,8,5761435,34,117
5,8,5761437,29,117
5,8,5761438,26,117
5,8,5761439,35,117
5,8,5761440,23,117
5,8,5761441,34,117
5,8,5761443,35,117
5,8,5761444,30,117
5,8,5761445,30,117
5,8,5761446,22,117
5,8,5761447,28,117
5,8,5761448,33,117
5,8,5761449,34,117
5,8,5761451,29,117
5,8,5761452,38,117
5,8,5761453,35,117
5,8,5761454,34,117
5,8,5761455,41,117
5,8,5761457,34,117
5,8,5761458,27,117
5,8,5761459,31,117
5,8,5762068,33,117
5,8,5762235,30,117
5,8,5764050,28,117
5,8,5764368,33,117
5,8,5765072,39,117
5,8,5765431,31,117
5,8,5765564,34,117
5,9,6489967,27,107
5,9,6489968,20,107
5,9,6489969,21,107
5,9,6489970,24,107
5,9,6489971,19,107
5,9,6489973,25,107
5,9,6489974,19,107
5,9,6489975,24,107
5,9,6489976,17,107
5,9,6489977,24,107
5,9,6489978,17,107
5,9,6489979,23,107
5,9,6489980,22,107
5,9,6489981,24,107
5,9,6489982,27,107
5,9,6489983,23,107
5,9,6489984,23,107
5,9,6489985,19,107
5,9,6489986,29,107
5,9,6489987,16,107
5,9,6489988,26,107
5,9,6489989,23,107
5,9,6489990,29,107
5,9,6489991,28,107
5,9,6489992,25,107
5,9,6489993,23,107
5,9,6489994,24,107
5,9,6489995,28,107
5,9,6489996,26,107
5,9,6489997,31,107
5,9,6489998,28,107
5,9,6489999,21,107
5,9,6490000,28,107
5,9,6490001,27,107
5,9,6490002,26,107
5,9,6490003,31,107
5,9,6490004,37,107
5,9,6490005,26,107
5,9,6490006,33,107
5,9,6490007,23,107
5,9,6490868,24,107
5,9,6492587,20,107
5,9,6494013,29,107
5,9,6496469,21,107
5,9,6496738,27,107
5,9,6497107,34,107
5,10,7208658,14,88
5,10,7208659,12,88
5,10,7208660,16,88
5,10,7208661,15,88
5,10,7208662,13,88
5,10,7208663,14,88
5,10,7208665,19,88
5,10,7208666,19,88
5,10,7208667,20,88
5,10,7208668,16,88
5,10,7208669,20,88
5,10,7208671,19,88
5,10,7208673,19,88
5,10,7208674,23,88
5,10,7208675,22,88
5,10,7208676,16,88
5,10,7208677,23,88
5,10,7208678,22,88
5,10,7208679,27,88
5,10,7208681,17,88
5,10,7208682,19,88
5,10,7208684,20,88
5,10,7208685,21,88
5,10,7208687,20,88
5,10,7208688,27,88
5,10,7208689,16,88
5,10,7208690,17,88
5,10,7208692,18,88
5,10,7208693,21,88
5,10,7208695,17,88
5,10,7208697,16,88
5,10,7208698,21,88
5,10,7208700,27,88
5,10,7208701,22,88
5,10,7208702,23,88
5,10,7208703,16,88
5,10,7208704,26,88
5,10,7208705,26,88
5,10,7208706,23,88
5,10,7208708,26,88
5,10,7209785,21,88
5,10,7212009,26,88
5,10,7212882,27,88
NA,NA,NA,NA,NA
6,1,1057041,28,128
6,1,1057042,34,128
6,1,1057043,34,128
6,1,1057044,25,128
6,1,1057045,31,128
6,1,1057046,30,128
6,1,1057047,24,128
6,1,1057048,27,128
6,1,1057049,29,128
6,1,1057050,28,128
6,1,1057051,30,128
6,1,1057052,29,128
6,1,1057053,32,128
6,1,1057054,33,128
6,1,1057055,34,128
6,1,1057056,21,128
6,1,1057057,30,128
6,1,1057058,18,128
6,1,1057059,29,128
6,1,1057060,29,128
6,1,1057061,26,128
6,1,1057062,37,128
6,1,1057063,25,128
6,1,1057064,34,128
6,1,1057065,30,128
6,1,1057066,31,128
6,1,1057067,26,128
6,1,1057068,29,128
6,1,1057069,22,128
6,1,1057070,28,128
6,1,1057071,33,128
6,1,1057072,31,128
6,1,1057073,27,128
6,1,1057074,31,128
6,1,1057075,28,128
6,1,1057076,29,128
6,1,1057077,28,128
6,1,1057078,29,128
6,1,1057079,31,128
6,1,1057080,26,128
6,1,1059465,37,128
6,1,1060768,28,128
6,1,1061024,22,128
6,1,1064385,24,128
6,2,1596236,41,128
6,2,1596237,28,128
6,2,1596238,33,128
6,2,1596239,35,128
6,2,1596240,34,128
6,2,1596241,34,128
6,2,1596242,39,128
6,2,1596243,43,128
6,2,1596244,34,128
6,2,1596245,36,128
6,2,1596246,39,128
6,2,1596247,36,128
6,2,1596248,40,128
6,2,1596249,44,128
6,2,1596250,29,128
6,2,1596251,27,128
6,2,1596252,19,128
6,2,1596253,31,128
6,2,1596254,30,128
6,2,1596255,30,128
6,2,1596256,33,128
6,2,1596257,31,128
6,2,1596258,28,128
6,2,1596259,31,128
6,2,1596260,29,128
6,2,1596261,20,128
6,2,1596262,29,128
6,2,1596263,33,128
6,2,1596264,28,128
6,2,1596265,31,128
6,2,1596266,28,128
6,2,1596267,32,128
6,2,1596268,27,128
6,2,1596269,28,128
6,2,1596270,24,128
6,2,1596271,26,128
6,2,1596272,28,128
6,2,1596273,24,128
6,2,1596274,30,128
6,2,1596275,27,128
6,2,1597100,32,128
6,2,1597420,31,128
6,2,1598956,38,128
6,2,1600331,23,128
6,2,1603259,30,128
6,2,1603608,27,128
6,3,2313149,35,126
6,3,2313150,31,126
6,3,2313151,39,126
6,3,2313152,40,126
6,3,2313153,40,126
6,3,2313154,43,126
6,3,2313155,39,126
6,3,2313156,38,126
6,3,2313157,41,126
6,3,2313158,44,126
6,3,2313159,48,126
6,3,2313160,33,126
6,3,2313161,26,126
6,3,2313162,37,126
6,3,2313163,35,126
6,3,2313164,40,126
6,3,2313165,40,126
6,3,2313166,38,126
6,3,2313167,37,126
6,3,2313168,36,126
6,3,2313169,35,126
6,3,2313170,37,126
6,3,2313171,36,126
6,3,2313172,34,126
6,3,2313173,37,126
6,3,2313174,30,126
6,3,2313175,39,126
6,3,2313176,31,126
6,3,2313177,42,126
6,3,2313178,28,126
6,3,2313179,33,126
6,3,2313180,31,126
6,3,2313181,35,126
6,3,2313182,27,126
6,3,2313183,33,126
6,3,2313184,35,126
6,3,2313185,38,126
6,3,2313186,36,126
6,3,2313187,45,126
6,3,2313188,38,126
6,3,2313910,41,126
6,3,2314731,31,126
6,3,2315769,41,126
6,3,2320040,31,126
6,3,2320418,41,126
6,4,2944791,37,124
6,4,2944792,34,124
6,4,2944793,41,124
6,4,2944794,45,124
6,4,2944795,43,124
6,4,2944796,40,124
6,4,2944797,41,124
6,4,2944798,42,124
6,4,2944799,44,124
6,4,2944800,41,124
6,4,2944801,41,124
6,4,2944802,39,124
6,4,2944803,39,124
6,4,2944804,41,124
6,4,2944805,33,124
6,4,2944806,37,124
6,4,2944807,36,124
6,4,2944808,38,124
6,4,2944809,33,124
6,4,2944810,39,124
6,4,2944811,31,124
6,4,2944812,34,124
6,4,2944813,40,124
6,4,2944814,42,124
6,4,2944815,40,124
6,4,2944816,43,124
6,4,2944817,47,124
6,4,2944818,35,124
6,4,2944819,36,124
6,4,2944820,37,124
6,4,2944821,39,124
6,4,2944822,36,124
6,4,2944823,33,124
6,4,2944824,35,124
6,4,2944825,31,124
6,4,2944826,35,124
6,4,2944827,32,124
6,4,2944828,42,124
6,4,2944829,40,124
6,4,2944830,33,124
6,4,2946620,32,124
6,4,2946780,37,124
6,4,2947147,33,124
6,4,2947936,32,124
6,4,2948138,33,124
6,4,2948829,31,124
6,4,2951169,39,124
6,5,3625986,36,120
6,5,3625987,39,120
6,5,3625988,38,120
6,5,3625989,39,120
6,5,3625990,35,120
6,5,3625991,43,120
6,5,3625992,46,120
6,5,3625993,45,120
6,5,3625994,42,120
6,5,3625995,45,120
6,5,3625996,44,120
6,5,3625997,44,120
6,5,3625998,41,120
6,5,3625999,40,120
6,5,3626000,33,120
6,5,3626001,39,120
6,5,3626002,41,120
6,5,3626003,43,120
6,5,3626004,47,120
6,5,3626005,38,120
6,5,3626006,40,120
6,5,3626007,41,120
6,5,3626008,39,120
6,5,3626009,38,120
6,5,3626010,33,120
6,5,3626011,44,120
6,5,3626012,34,120
6,5,3626013,35,120
6,5,3626014,43,120
6,5,3626015,34,120
6,5,3626016,40,120
6,5,3626017,44,120
6,5,3626018,40,120
6,5,3626019,38,120
6,5,3626020,41,120
6,5,3626021,40,120
6,5,3626022,39,120
6,5,3626023,42,120
6,5,3626024,36,120
6,5,3626025,39,120
6,5,3627357,36,120
6,5,3628197,39,120
6,5,3628602,34,120
6,5,3629351,37,120
6,5,3629717,34,120
6,5,3630150,42,120
6,5,3633457,41,120
6,6,4259742,39,117
6,6,4259743,37,117
6,6,4259744,37,117
6,6,4259745,45,117
6,6,4259746,45,117
6,6,4259747,36,117
6,6,4259748,39,117
6,6,4259749,42,117
6,6,4259750,45,117
6,6,4259751,40,117
6,6,4259752,36,117
6,6,4259753,34,117
6,6,4259755,37,117
6,6,4259756,43,117
6,6,4259757,47,117
6,6,4259758,40,117
6,6,4259759,39,117
6,6,4259760,41,117
6,6,4259761,43,117
6,6,4259762,38,117
6,6,4259763,41,117
6,6,4259764,35,117
6,6,4259765,38,117
6,6,4259766,35,117
6,6,4259767,40,117
6,6,4259768,43,117
6,6,4259769,44,117
6,6,4259770,44,117
6,6,4259771,43,117
6,6,4259772,42,117
6,6,4259773,42,117
6,6,4259774,40,117
6,6,4259775,38,117
6,6,4259776,46,117
6,6,4259777,43,117
6,6,4259778,38,117
6,6,4259779,37,117
6,6,4259780,34,117
6,6,4259781,34,117
6,6,4259783,40,117
6,6,4260263,40,117
6,6,4261955,36,117
6,6,4262333,45,117
6,6,4262359,33,117
6,6,4266917,39,117
6,6,4266942,43,117
6,7,4985586,33,112
6,7,4985587,38,112
6,7,4985588,38,112
6,7,4985589,32,112
6,7,4985590,38,112
6,7,4985591,33,112
6,7,4985592,39,112
6,7,4985593,39,112
6,7,4985594,35,112
6,7,4985595,31,112
6,7,4985596,39,112
6,7,4985597,38,112
6,7,4985598,37,112
6,7,4985600,41,112
6,7,4985601,42,112
6,7,4985602,40,112
6,7,4985604,32,112
6,7,4985605,36,112
6,7,4985606,39,112
6,7,4985607,41,112
6,7,4985608,44,112
6,7,4985609,38,112
6,7,4985610,40,112
6,7,4985611,34,112
6,7,4985612,44,112
6,7,4985613,43,112
6,7,4985614,38,112
6,7,4985615,37,112
6,7,4985616,35,112
6,7,4985618,40,112
6,7,4985619,42,112
6,7,4985620,39,112
6,7,4985622,39,112
6,7,4985623,44,112
6,7,4985624,35,112
6,7,4985625,44,112
6,7,4985626,45,112
6,7,4985627,40,112
6,7,4985628,40,112
6,7,4985629,41,112
6,7,4986997,43,112
6,7,4987069,41,112
6,7,4992861,41,112
6,7,4993420,40,112
6,7,4993746,45,112
6,8,5654981,40,113
6,8,5654982,36,113
6,8,5654983,34,113
6,8,5654984,31,113
6,8,5654985,30,113
6,8,5654986,35,113
6,8,5654987,29,113
6,8,5654988,35,113
6,8,5654989,31,113
6,8,5654991,32,113
6,8,5654992,34,113
6,8,5654994,37,113
6,8,5654995,35,113
6,8,5654996,33,113
6,8,5654997,30,113
6,8,5654998,33,113
6,8,5654999,37,113
6,8,5655000,40,113
6,8,5655001,36,113
6,8,5655002,36,113
6,8,5655003,35,113
6,8,5655005,36,113
6,8,5655007,38,113
6,8,5655008,41,113
6,8,5655010,44,113
6,8,5655011,34,113
6,8,5655012,34,113
6,8,5655013,31,113
6,8,5655014,42,113
6,8,5655015,35,113
6,8,5655016,36,113
6,8,5655017,35,113
6,8,5655018,39,113
6,8,5655019,34,113
6,8,5655020,42,113
6,8,5655021,36,113
6,8,5655022,39,113
6,8,5655023,42,113
6,8,5655024,42,113
6,8,5655026,35,113
6,8,5656057,35,113
6,8,5657849,41,113
6,8,5657931,36,113
6,8,5659159,36,113
6,9,6333622,27,107
6,9,6333624,30,107
6,9,6333625,26,107
6,9,6333626,29,107
6,9,6333627,22,107
6,9,6333628,22,107
6,9,6333629,26,107
6,9,6333630,29,107
6,9,6333631,27,107
6,9,6333632,33,107
6,9,6333633,29,107
6,9,6333634,28,107
6,9,6333635,32,107
6,9,6333636,39,107
6,9,6333637,29,107
6,9,6333639,30,107
6,9,6333640,34,107
6,9,6333642,31,107
6,9,6333643,31,107
6,9,6333644,28,107
6,9,6333645,30,107
6,9,6333647,33,107
6,9,6333649,30,107
6,9,6333650,30,107
6,9,6333651,35,107
6,9,6333652,32,107
6,9,6333653,31,107
6,9,6333654,32,107
6,9,6333655,29,107
6,9,6333656,31,107
6,9,6333657,34,107
6,9,6333658,30,107
6,9,6333660,29,107
6,9,6333663,34,107
6,9,6333664,34,107
6,9,6333666,39,107
6,9,6333667,38,107
6,9,6333668,39,107
6,9,6333669,41,107
6,9,6333670,23,107
6,9,6336797,31,107
6,9,6339355,37,107
6,9,6340203,33,107
6,9,6340357,39,107
6,10,7056475,31,95
6,10,7056476,29,95
6,10,7056477,24,95
6,10,7056478,20,95
6,10,7056480,20,95
6,10,7056481,19,95
6,10,7056482,21,95
6,10,7056483,23,95
6,10,7056484,23,95
6,10,7056485,25,95
6,10,7056487,30,95
6,10,7056489,24,95
6,10,7056490,26,95
6,10,7056492,25,95
6,10,7056493,24,95
6,10,7056494,26,95
6,10,7056495,29,95
6,10,7056496,26,95
6,10,7056497,24,95
6,10,7056499,17,95
6,10,7056500,25,95
6,10,7056501,26,95
6,10,7056502,29,95
6,10,7056504,27,95
6,10,7056505,28,95
6,10,7056507,20,95
6,10,7056508,28,95
6,10,7056509,28,95
6,10,7056510,25,95
6,10,7056511,21,95
6,10,7056512,24,95
6,10,7056513,23,95
6,10,7056514,27,95
6,10,7056516,26,95
6,10,7056518,36,95
6,10,7056519,29,95
6,10,7056520,29,95
6,10,7056521,30,95
6,10,7056523,27,95
6,10,7056524,29,95
6,10,7057707,28,95
6,10,7059600,30,95
6,10,7060390,28,95
6,10,7060529,28,95
6,10,7063181,29,95
6,10,7063229,28,95
6,10,7063463,31,95
NA,NA,NA,NA,NA
7,1,1057041,21,127
7,1,1057042,25,127
7,1,1057043,28,127
7,1,1057044,30,127
7,1,1057045,35,127
7,1,1057046,23,127
7,1,1057047,27,127
7,1,1057048,29,127
7,1,1057049,30,127
7,1,1057050,21,127
7,1,1057051,29,127
7,1,1057052,27,127
7,1,1057053,26,127
7,1,1057054,22,127
7,1,1057055,20,127
7,1,1057056,31,127
7,1,1057057,21,127
7,1,1057058,34,127
7,1,1057059,26,127
7,1,1057060,30,127
7,1,1057061,31,127
7,1,1057062,29,127
7,1,1057063,27,127
7,1,1057064,35,127
7,1,1057065,35,127
7,1,1057066,24,127
7,1,1057067,35,127
7,1,1057068,31,127
7,1,1057069,24,127
7,1,1057071,26,127
7,1,1057072,30,127
7,1,1057073,33,127
7,1,1057074,24,127
7,1,1057075,34,127
7,1,1057076,25,127
7,1,1057077,29,127
7,1,1057078,26,127
7,1,1057079,18,127
7,1,1057080,24,127
7,1,1057081,28,127
7,1,1060396,32,127
7,1,1060776,32,127
7,1,1062466,24,127
7,1,1063751,21,127
7,1,1064150,35,127
7,2,1592884,30,127
7,2,1592885,42,127
7,2,1592886,32,127
7,2,1592887,32,127
7,2,1592888,29,127
7,2,1592889,28,127
7,2,1592890,28,127
7,2,1592891,41,127
7,2,1592892,30,127
7,2,1592893,42,127
7,2,1592894,40,127
7,2,1592895,36,127
7,2,1592896,31,127
7,2,1592897,41,127
7,2,1592898,29,127
7,2,1592899,25,127
7,2,1592900,25,127
7,2,1592901,27,127
7,2,1592902,30,127
7,2,1592903,30,127
7,2,1592904,26,127
7,2,1592905,27,127
7,2,1592906,21,127
7,2,1592907,29,127
7,2,1592908,24,127
7,2,1592909,24,127
7,2,1592910,27,127
7,2,1592911,28,127
7,2,1592912,31,127
7,2,1592913,22,127
7,2,1592914,32,127
7,2,1592915,27,127
7,2,1592916,24,127
7,2,1592917,31,127
7,2,1592918,26,127
7,2,1592919,27,127
7,2,1592920,24,127
7,2,1592921,24,127
7,2,1592922,19,127
7,2,1592923,18,127
7,2,1593415,33,127
7,2,1595926,41,127
7,2,1599556,25,127
7,2,1600134,25,127
7,3,2313565,33,126
7,3,2313566,35,126
7,3,2313567,37,126
7,3,2313568,32,126
7,3,2313569,31,126
7,3,2313570,31,126
7,3,2313571,45,126
7,3,2313574,32,126
7,3,2313575,46,126
7,3,2313576,44,126
7,3,2313577,37,126
7,3,2313578,33,126
7,3,2313579,42,126
7,3,2313580,29,126
7,3,2313581,34,126
7,3,2313582,32,126
7,3,2313584,29,126
7,3,2313585,30,126
7,3,2313586,25,126
7,3,2313587,33,126
7,3,2313588,28,126
7,3,2313589,28,126
7,3,2313590,31,126
7,3,2313591,32,126
7,3,2313594,25,126
7,3,2313595,28,126
7,3,2313596,29,126
7,3,2313597,29,126
7,3,2313598,27,126
7,3,2313599,30,126
7,3,2313600,23,126
7,3,2313601,43,126
7,3,2313602,29,126
7,3,2313603,35,126
7,3,2313604,29,126
7,3,2313605,35,126
7,3,2313606,27,126
7,3,2314096,31,126
7,3,2315724,34,126
7,3,2316187,42,126
7,3,2316971,25,126
7,3,2317009,30,126
7,3,2319418,28,126
7,3,2320620,28,126
7,4,2962747,33,126
7,4,2962748,37,126
7,4,2962749,39,126
7,4,2962750,32,126
7,4,2962751,36,126
7,4,2962752,46,126
7,4,2962753,44,126
7,4,2962754,39,126
7,4,2962755,43,126
7,4,2962756,34,126
7,4,2962757,31,126
7,4,2962758,33,126
7,4,2962759,35,126
7,4,2962760,28,126
7,4,2962761,32,126
7,4,2962762,27,126
7,4,2962763,29,126
7,4,2962764,32,126
7,4,2962766,26,126
7,4,2962767,44,126
7,4,2962768,30,126
7,4,2962769,39,126
7,4,2962770,30,126
7,4,2962771,44,126
7,4,2962772,28,126
7,4,2962773,32,126
7,4,2962774,33,126
7,4,2962775,45,126
7,4,2962776,38,126
7,4,2962777,44,126
7,4,2962778,29,126
7,4,2962779,36,126
7,4,2962780,34,126
7,4,2962781,25,126
7,4,2962782,33,126
7,4,2962783,32,126
7,4,2962784,25,126
7,4,2962785,26,126
7,4,2962786,23,126
7,4,2962787,35,126
7,4,2963469,47,126
7,4,2963736,33,126
7,4,2964207,40,126
7,4,2964329,44,126
7,4,2965168,32,126
7,4,2965234,37,126
7,4,2967376,43,126
7,4,2969382,29,126
7,5,3654205,34,119
7,5,3654206,43,119
7,5,3654207,46,119
7,5,3654208,44,119
7,5,3654210,35,119
7,5,3654211,32,119
7,5,3654212,46,119
7,5,3654213,43,119
7,5,3654214,35,119
7,5,3654216,32,119
7,5,3654217,35,119
7,5,3654218,32,119
7,5,3654219,31,119
7,5,3654220,30,119
7,5,3654221,34,119
7,5,3654223,28,119
7,5,3654224,32,119
7,5,3654225,42,119
7,5,3654226,32,119
7,5,3654227,33,119
7,5,3654228,40,119
7,5,3654229,45,119
7,5,3654230,38,119
7,5,3654231,35,119
7,5,3654232,33,119
7,5,3654233,28,119
7,5,3654234,37,119
7,5,3654236,41,119
7,5,3654237,30,119
7,5,3654238,34,119
7,5,3654239,32,119
7,5,3654240,39,119
7,5,3654241,34,119
7,5,3654242,35,119
7,5,3654243,32,119
7,5,3654244,27,119
7,5,3654245,27,119
7,5,3654246,44,119
7,5,3654247,31,119
7,5,3654248,29,119
7,5,3654885,33,119
7,5,3655029,36,119
7,5,3655971,40,119
7,5,3656340,29,119
7,5,3656611,33,119
7,5,3656745,45,119
7,5,3656931,41,119
7,5,3658140,35,119
7,5,3661065,35,119
7,6,4358644,32,116
7,6,4358645,36,116
7,6,4358646,30,116
7,6,4358647,34,116
7,6,4358648,43,116
7,6,4358650,45,116
7,6,4358651,31,116
7,6,4358652,43,116
7,6,4358653,36,116
7,6,4358654,34,116
7,6,4358655,32,116
7,6,4358656,33,116
7,6,4358657,34,116
7,6,4358658,29,116
7,6,4358659,32,116
7,6,4358660,44,116
7,6,4358662,36,116
7,6,4358663,28,116
7,6,4358664,31,116
7,6,4358665,36,116
7,6,4358666,36,116
7,6,4358667,33,116
7,6,4358668,28,116
7,6,4358669,44,116
7,6,4358670,31,116
7,6,4358671,31,116
7,6,4358672,33,116
7,6,4358673,39,116
7,6,4358674,44,116
7,6,4358675,44,116
7,6,4358676,30,116
7,6,4358677,32,116
7,6,4358678,31,116
7,6,4358679,40,116
7,6,4358680,44,116
7,6,4358682,37,116
7,6,4358683,35,116
7,6,4358684,29,116
7,6,4358685,32,116
7,6,4358686,41,116
7,6,4361152,31,116
7,6,4362577,29,116
7,6,4362607,32,116
7,6,4362754,44,116
7,6,4364846,34,116
7,6,4365196,32,116
7,6,4365392,32,116
7,6,4366118,39,116
7,7,5011166,28,113
7,7,5011167,29,113
7,7,5011168,36,113
7,7,5011169,27,113
7,7,5011170,31,113
7,7,5011171,30,113
7,7,5011172,39,113
7,7,5011173,33,113
7,7,5011174,27,113
7,7,5011175,31,113
7,7,5011176,33,113
7,7,5011178,33,113
7,7,5011179,28,113
7,7,5011180,31,113
7,7,5011181,33,113
7,7,5011183,44,113
7,7,5011184,34,113
7,7,5011185,31,113
7,7,5011186,32,113
7,7,5011187,37,113
7,7,5011189,41,113
7,7,5011190,38,113
7,7,5011191,31,113
7,7,5011192,45,113
7,7,5011193,34,113
7,7,5011194,31,113
7,7,5011195,40,113
7,7,5011196,31,113
7,7,5011197,37,113
7,7,5011198,41,113
7,7,5011200,34,113
7,7,5011201,30,113
7,7,5011202,34,113
7,7,5011203,40,113
7,7,5011204,36,113
7,7,5011205,28,113
7,7,5011206,34,113
7,7,5011207,36,113
7,7,5011208,34,113
7,7,5011209,33,113
7,7,5012436,31,113
7,7,5012777,34,113
7,7,5013393,34,113
7,7,5018079,38,113
7,8,5697609,27,109
7,8,5697610,32,109
7,8,5697611,32,109
7,8,5697612,23,109
7,8,5697613,21,109
7,8,5697614,30,109
7,8,5697615,23,109
7,8,5697616,24,109
7,8,5697617,30,109
7,8,5697618,26,109
7,8,5697619,28,109
7,8,5697620,29,109
7,8,5697621,27,109
7,8,5697622,27,109
7,8,5697623,35,109
7,8,5697624,30,109
7,8,5697625,29,109
7,8,5697626,30,109
7,8,5697627,37,109
7,8,5697629,26,109
7,8,5697630,30,109
7,8,5697634,32,109
7,8,5697636,34,109
7,8,5697637,33,109
7,8,5697638,31,109
7,8,5697639,25,109
7,8,5697640,26,109
7,8,5697641,28,109
7,8,5697642,32,109
7,8,5697643,27,109
7,8,5697644,28,109
7,8,5697645,32,109
7,8,5697646,37,109
7,8,5697647,30,109
7,8,5697648,37,109
7,8,5697649,41,109
7,8,5697650,30,109
7,8,5697651,32,109
7,8,5697652,39,109
7,8,5697654,25,109
7,8,5698937,37,109
7,8,5700010,31,109
7,8,5700507,33,109
7,8,5700772,31,109
7,8,5701118,34,109
7,8,5701182,33,109
7,8,5701427,43,109
7,9,6395923,27,97
7,9,6395924,19,97
7,9,6395925,17,97
7,9,6395927,25,97
7,9,6395928,22,97
7,9,6395930,25,97
7,9,6395931,22,97
7,9,6395932,24,97
7,9,6395933,24,97
7,9,6395934,19,97
7,9,6395935,20,97
7,9,6395936,18,97
7,9,6395938,27,97
7,9,6395939,27,97
7,9,6395940,30,97
7,9,6395942,28,97
7,9,6395943,23,97
7,9,6395945,23,97
7,9,6395946,22,97
7,9,6395948,27,97
7,9,6395949,28,97
7,9,6395950,26,97
7,9,6395951,31,97
7,9,6395953,28,97
7,9,6395954,30,97
7,9,6395955,33,97
7,9,6395957,26,97
7,9,6395958,24,97
7,9,6395960,24,97
7,9,6395961,28,97
7,9,6395962,18,97
7,9,6395963,20,97
7,9,6395964,22,97
7,9,6395965,25,97
7,9,6395966,26,97
7,9,6395968,27,97
7,9,6395969,27,97
7,9,6395972,32,97
7,9,6395973,30,97
7,9,6395974,31,97
7,9,6396605,25,97
7,9,6398222,28,97
7,9,6398700,28,97
7,9,6399145,26,97
7,9,6402289,25,97
7,10,7127744,21,87
7,10,7127745,18,87
7,10,7127748,16,87
7,10,7127749,17,87
7,10,7127750,14,87
7,10,7127752,18,87
7,10,7127753,25,87
7,10,7127756,22,87
7,10,7127757,22,87
7,10,7127758,17,87
7,10,7127759,15,87
7,10,7127760,16,87
7,10,7127761,19,87
7,10,7127762,22,87
7,10,7127763,26,87
7,10,7127764,20,87
7,10,7127765,24,87
7,10,7127768,26,87
7,10,7127771,21,87
7,10,7127772,19,87
7,10,7127774,21,87
7,10,7127775,15,87
7,10,7127777,21,87
7,10,7127778,23,87
7,10,7127780,22,87
7,10,7127781,23,87
7,10,7127782,23,87
7,10,7127783,19,87
7,10,7127784,25,87
7,10,7127786,21,87
7,10,7127787,22,87
7,10,7127788,21,87
7,10,7127789,21,87
7,10,7127790,19,87
7,10,7127793,20,87
7,10,7127794,21,87
7,10,7127795,22,87
7,10,7127796,24,87
7,10,7127801,30,87
7,10,7127802,33,87
7,10,7129654,19,87
7,10,7130493,25,87
7,10,7130882,28,87
7,10,7135132,29,87
NA,NA,NA,NA,NA
8,1,1057041,27,126
8,1,1057042,28,126
8,1,1057043,27,126
8,1,1057044,23,126
8,1,1057045,29,126
8,1,1057046,32,126
8,1,1057047,22,126
8,1,1057048,33,126
8,1,1057049,28,126
8,1,1057050,27,126
8,1,1057051,28,126
8,1,1057052,34,126
8,1,1057053,34,126
8,1,1057054,30,126
8,1,1057055,27,126
8,1,1057056,33,126
8,1,1057057,30,126
8,1,1057058,33,126
8,1,1057059,32,126
8,1,1057060,32,126
8,1,1057061,29,126
8,1,1057062,24,126
8,1,1057063,28,126
8,1,1057064,25,126
8,1,1057065,30,126
8,1,1057066,33,126
8,1,1057067,31,126
8,1,1057068,24,126
8,1,1057069,35,126
8,1,1057070,30,126
8,1,1057071,39,126
8,1,1057072,28,126
8,1,1057073,23,126
8,1,1057074,22,126
8,1,1057075,28,126
8,1,1057076,27,126
8,1,1057077,22,126
8,1,1057078,25,126
8,1,1057079,24,126
8,1,1057080,28,126
8,1,1058903,32,126
8,1,1064714,38,126
8,1,1064845,22,126
8,2,1629724,45,124
8,2,1629725,37,124
8,2,1629726,37,124
8,2,1629727,29,124
8,2,1629728,38,124
8,2,1629729,33,124
8,2,1629730,40,124
8,2,1629731,35,124
8,2,1629732,37,124
8,2,1629733,41,124
8,2,1629734,39,124
8,2,1629735,37,124
8,2,1629736,31,124
8,2,1629737,37,124
8,2,1629739,34,124
8,2,1629740,24,124
8,2,1629741,26,124
8,2,1629742,22,124
8,2,1629743,26,124
8,2,1629744,29,124
8,2,1629745,27,124
8,2,1629746,31,124
8,2,1629747,30,124
8,2,1629748,27,124
8,2,1629749,27,124
8,2,1629750,32,124
8,2,1629751,30,124
8,2,1629752,32,124
8,2,1629753,25,124
8,2,1629754,27,124
8,2,1629755,28,124
8,2,1629756,25,124
8,2,1629758,32,124
8,2,1629759,32,124
8,2,1629760,30,124
8,2,1629761,30,124
8,2,1629762,26,124
8,2,1629763,19,124
8,2,1629764,29,124
8,2,1629765,28,124
8,2,1630462,39,124
8,2,1630669,35,124
8,2,1631013,24,124
8,2,1631748,27,124
8,2,1632490,36,124
8,2,1633339,29,124
8,2,1635886,33,124
8,2,1636639,28,124
8,3,2360292,47,120
8,3,2360293,43,120
8,3,2360294,32,120
8,3,2360295,48,120
8,3,2360296,40,120
8,3,2360297,38,120
8,3,2360299,30,120
8,3,2360300,44,120
8,3,2360301,35,120
8,3,2360302,44,120
8,3,2360303,40,120
8,3,2360304,41,120
8,3,2360305,43,120
8,3,2360306,41,120
8,3,2360307,42,120
8,3,2360308,34,120
8,3,2360309,37,120
8,3,2360310,32,120
8,3,2360311,27,120
8,3,2360312,33,120
8,3,2360313,38,120
8,3,2360314,33,120
8,3,2360316,35,120
8,3,2360317,32,120
8,3,2360318,41,120
8,3,2360319,32,120
8,3,2360320,36,120
8,3,2360321,36,120
8,3,2360322,35,120
8,3,2360323,27,120
8,3,2360324,31,120
8,3,2360325,37,120
8,3,2360326,34,120
8,3,2360327,28,120
8,3,2360328,32,120
8,3,2360329,39,120
8,3,2360330,36,120
8,3,2360331,27,120
8,3,2360333,33,120
8,3,2360334,38,120
8,3,2362851,48,120
8,3,2363306,42,120
8,3,2366930,39,120
8,4,3011088,50,118
8,4,3011089,47,118
8,4,3011090,47,118
8,4,3011091,42,118
8,4,3011092,44,118
8,4,3011093,43,118
8,4,3011094,36,118
8,4,3011095,38,118
8,4,3011096,38,118
8,4,3011097,35,118
8,4,3011098,38,118
8,4,3011099,35,118
8,4,3011100,44,118
8,4,3011101,34,118
8,4,3011102,38,118
8,4,3011103,35,118
8,4,3011104,35,118
8,4,3011105,38,118
8,4,3011107,33,118
8,4,3011108,39,118
8,4,3011109,37,118
8,4,3011110,50,118
8,4,3011111,45,118
8,4,3011112,43,118
8,4,3011113,42,118
8,4,3011114,41,118
8,4,3011115,35,118
8,4,3011116,32,118
8,4,3011117,46,118
8,4,3011118,43,118
8,4,3011119,40,118
8,4,3011120,35,118
8,4,3011121,37,118
8,4,3011123,25,118
8,4,3011124,35,118
8,4,3011125,32,118
8,4,3011126,35,118
8,4,3011127,33,118
8,4,3011128,24,118
8,4,3011129,33,118
8,4,3011577,45,118
8,4,3012286,36,118
8,4,3014217,33,118
8,4,3017518,41,118
8,4,3017767,37,118
8,5,3738021,45,116
8,5,3738022,45,116
8,5,3738023,42,116
8,5,3738024,42,116
8,5,3738025,45,116
8,5,3738026,37,116
8,5,3738027,40,116
8,5,3738028,37,116
8,5,3738030,46,116
8,5,3738031,36,116
8,5,3738032,39,116
8,5,3738033,36,116
8,5,3738034,36,116
8,5,3738035,41,116
8,5,3738036,39,116
8,5,3738037,40,116
8,5,3738038,50,116
8,5,3738039,45,116
8,5,3738040,44,116
8,5,3738041,43,116
8,5,3738042,35,116
8,5,3738043,47,116
8,5,3738044,48,116
8,5,3738045,35,116
8,5,3738046,36,116
8,5,3738047,33,116
8,5,3738048,35,116
8,5,3738050,36,116
8,5,3738051,43,116
8,5,3738052,38,116
8,5,3738053,45,116
8,5,3738054,36,116
8,5,3738055,40,116
8,5,3738056,35,116
8,5,3738057,39,116
8,5,3738058,36,116
8,5,3738059,34,116
8,5,3738060,43,116
8,5,3738061,42,116
8,5,3738062,44,116
8,5,3739834,42,116
8,5,3740142,37,116
8,5,3740396,43,116
8,5,3740699,38,116
8,5,3742346,39,116
8,5,3742967,36,116
8,6,4395750,42,112
8,6,4395754,39,112
8,6,4395755,37,112
8,6,4395756,44,112
8,6,4395757,43,112
8,6,4395759,36,112
8,6,4395760,37,112
8,6,4395761,38,112
8,6,4395762,50,112
8,6,4395764,45,112
8,6,4395766,43,112
8,6,4395769,47,112
8,6,4395770,36,112
8,6,4395771,34,112
8,6,4395773,36,112
8,6,4395774,36,112
8,6,4395775,43,112
8,6,4395777,38,112
8,6,4395779,41,112
8,6,4395780,34,112
8,6,4395781,44,112
8,6,4395782,45,112
8,6,4395783,45,112
8,6,4395785,44,112
8,6,4395786,46,112
8,6,4395789,42,112
8,6,4395790,35,112
8,6,4395791,45,112
8,6,4395792,40,112
8,6,4395793,40,112
8,6,4395794,50,112
8,6,4395795,46,112
8,6,4395797,45,112
8,6,4395798,45,112
8,6,4395799,35,112
8,6,4395801,36,112
8,6,4395802,34,112
8,6,4395805,37,112
8,6,4395806,42,112
8,6,4395807,35,112
8,6,4397377,44,112
8,6,4397867,34,112
8,6,4397940,37,112
8,6,4401978,40,112
8,6,4402203,45,112
8,7,5149677,36,110
8,7,5149679,37,110
8,7,5149680,37,110
8,7,5149681,40,110
8,7,5149682,32,110
8,7,5149683,34,110
8,7,5149684,40,110
8,7,5149687,35,110
8,7,5149691,39,110
8,7,5149692,37,110
8,7,5149694,36,110
8,7,5149695,35,110
8,7,5149696,36,110
8,7,5149697,35,110
8,7,5149698,37,110
8,7,5149699,35,110
8,7,5149700,45,110
8,7,5149702,40,110
8,7,5149705,41,110
8,7,5149706,39,110
8,7,5149707,34,110
8,7,5149708,42,110
8,7,5149709,38,110
8,7,5149711,37,110
8,7,5149712,51,110
8,7,5149713,45,110
8,7,5149714,43,110
8,7,5149715,35,110
8,7,5149716,36,110
8,7,5149717,34,110
8,7,5149719,37,110
8,7,5149720,32,110
8,7,5149721,40,110
8,7,5149723,43,110
8,7,5149724,37,110
8,7,5149725,44,110
8,7,5149726,35,110
8,7,5149727,36,110
8,7,5149728,40,110
8,7,5149729,41,110
8,7,5150191,37,110
8,7,5151036,36,110
8,7,5151809,37,110
8,7,5151951,35,110
8,7,5152168,34,110
8,7,5152479,42,110
8,7,5152923,42,110
8,7,5153182,51,110
8,7,5153618,40,110
8,7,5153911,39,110
8,7,5154651,39,110
8,8,5834975,32,106
8,8,5834976,34,106
8,8,5834977,33,106
8,8,5834978,33,106
8,8,5834981,32,106
8,8,5834982,30,106
8,8,5834983,28,106
8,8,5834985,29,106
8,8,5834987,31,106
8,8,5834988,33,106
8,8,5834989,33,106
8,8,5834990,40,106
8,8,5834991,26,106
8,8,5834992,34,106
8,8,5834993,32,106
8,8,5834995,34,106
8,8,5834997,37,106
8,8,5834999,32,106
8,8,5835000,38,106
8,8,5835001,33,106
8,8,5835002,35,106
8,8,5835003,32,106
8,8,5835004,34,106
8,8,5835005,40,106
8,8,5835006,35,106
8,8,5835007,39,106
8,8,5835008,47,106
8,8,5835009,35,106
8,8,5835011,31,106
8,8,5835012,40,106
8,8,5835013,36,106
8,8,5835014,33,106
8,8,5835015,34,106
8,8,5835016,40,106
8,8,5835017,36,106
8,8,5835019,42,106
8,8,5835020,41,106
8,8,5835022,34,106
8,8,5835023,35,106
8,8,5835024,34,106
8,8,5835750,34,106
8,8,5837363,36,106
8,8,5837737,35,106
8,8,5838646,51,106
8,8,5839331,31,106
8,8,5840176,35,106
8,8,5841107,36,106
8,9,6571273,24,91
8,9,6571274,24,91
8,9,6571275,26,91
8,9,6571277,23,91
8,9,6571278,23,91
8,9,6571279,21,91
8,9,6571280,23,91
8,9,6571281,30,91
8,9,6571283,19,91
8,9,6571284,27,91
8,9,6571285,27,91
8,9,6571287,27,91
8,9,6571288,26,91
8,9,6571290,26,91
8,9,6571292,29,91
8,9,6571293,29,91
8,9,6571295,31,91
8,9,6571296,34,91
8,9,6571297,29,91
8,9,6571298,37,91
8,9,6571301,29,91
8,9,6571303,32,91
8,9,6571305,26,91
8,9,6571307,27,91
8,9,6571308,29,91
8,9,6571309,44,91
8,9,6571314,27,91
8,9,6571315,33,91
8,9,6571316,26,91
8,9,6571318,23,91
8,9,6571319,27,91
8,9,6571324,28,91
8,9,6571326,36,91
8,9,6571328,31,91
8,9,6571329,31,91
8,9,6571332,30,91
8,9,6571333,35,91
8,9,6571334,38,91
8,9,6571336,31,91
8,9,6571338,21,91
8,9,6572230,34,91
8,9,6572363,26,91
8,9,6575213,28,91
8,9,6577072,36,91
8,9,6577586,32,91
8,9,6577745,25,91
8,9,6578234,34,91
8,10,7304656,26,82
8,10,7304657,20,82
8,10,7304658,20,82
8,10,7304659,20,82
8,10,7304660,20,82
8,10,7304661,19,82
8,10,7304662,18,82
8,10,7304663,24,82
8,10,7304664,21,82
8,10,7304665,20,82
8,10,7304666,23,82
8,10,7304668,18,82
8,10,7304669,19,82
8,10,7304670,26,82
8,10,7304671,30,82
8,10,7304672,22,82
8,10,7304673,28,82
8,10,7304674,24,82
8,10,7304675,23,82
8,10,7304676,23,82
8,10,7304677,20,82
8,10,7304678,22,82
8,10,7304679,26,82
8,10,7304680,23,82
8,10,7304681,34,82
8,10,7304682,25,82
8,10,7304683,22,82
8,10,7304684,25,82
8,10,7304685,26,82
8,10,7304686,27,82
8,10,7304687,24,82
8,10,7304688,20,82
8,10,7304689,24,82
8,10,7304690,27,82
8,10,7304691,27,82
8,10,7304692,23,82
8,10,7304693,28,82
8,10,7304694,43,82
8,10,7304695,29,82
8,10,7304696,19,82
8,10,7305368,13,82
8,10,7305695,21,82
8,10,7308802,37,82
NA,NA,NA,NA,NA
9,1,1057041,28,128
9,1,1057042,28,128
9,1,1057043,37,128
9,1,1057044,25,128
9,1,1057045,21,128
9,1,1057046,25,128
9,1,1057047,26,128
9,1,1057048,38,128
9,1,1057049,31,128
9,1,1057050,23,128
9,1,1057051,28,128
9,1,1057052,29,128
9,1,1057053,30,128
9,1,1057054,32,128
9,1,1057055,30,128
9,1,1057056,28,128
9,1,1057057,28,128
9,1,1057058,30,128
9,1,1057059,33,128
9,1,1057060,29,128
9,1,1057061,27,128
9,1,1057062,30,128
9,1,1057063,28,128
9,1,1057064,39,128
9,1,1057065,25,128
9,1,1057066,31,128
9,1,1057067,28,128
9,1,1057068,24,128
9,1,1057069,27,128
9,1,1057070,19,128
9,1,1057071,32,128
9,1,1057072,28,128
9,1,1057073,27,128
9,1,1057074,27,128
9,1,1057075,34,128
9,1,1057076,26,128
9,1,1057077,25,128
9,1,1057078,27,128
9,1,1057079,39,128
9,1,1057080,26,128
9,1,1057528,25,128
9,1,1057797,24,128
9,1,1057895,23,128
9,1,1058072,31,128
9,1,1058283,26,128
9,1,1060287,28,128
9,1,1061194,24,128
9,1,1061874,21,128
9,1,1064034,21,128
9,2,1623355,31,128
9,2,1623356,33,128
9,2,1623357,29,128
9,2,1623358,39,128
9,2,1623359,32,128
9,2,1623360,35,128
9,2,1623361,45,128
9,2,1623362,32,128
9,2,1623363,34,128
9,2,1623364,36,128
9,2,1623365,39,128
9,2,1623366,35,128
9,2,1623367,42,128
9,2,1623368,47,128
9,2,1623369,30,128
9,2,1623370,36,128
9,2,1623371,23,128
9,2,1623372,33,128
9,2,1623373,22,128
9,2,1623374,23,128
9,2,1623375,26,128
9,2,1623376,28,128
9,2,1623377,31,128
9,2,1623378,26,128
9,2,1623379,31,128
9,2,1623380,30,128
9,2,1623381,31,128
9,2,1623382,29,128
9,2,1623383,34,128
9,2,1623384,28,128
9,2,1623385,31,128
9,2,1623386,27,128
9,2,1623387,28,128
9,2,1623388,27,128
9,2,1623389,27,128
9,2,1623390,38,128
9,2,1623391,30,128
9,2,1623392,27,128
9,2,1623393,33,128
9,2,1623394,23,128
9,2,1625196,32,128
9,2,1625372,24,128
9,2,1626006,30,128
9,2,1626137,28,128
9,2,1629232,25,128
9,2,1630851,25,128
9,3,2344864,37,125
9,3,2344865,33,125
9,3,2344866,32,125
9,3,2344867,40,125
9,3,2344868,42,125
9,3,2344869,40,125
9,3,2344870,48,125
9,3,2344871,36,125
9,3,2344872,39,125
9,3,2344873,41,125
9,3,2344874,44,125
9,3,2344875,47,125
9,3,2344876,52,125
9,3,2344877,40,125
9,3,2344878,27,125
9,3,2344880,27,125
9,3,2344881,30,125
9,3,2344882,31,125
9,3,2344883,36,125
9,3,2344884,31,125
9,3,2344885,41,125
9,3,2344886,35,125
9,3,2344887,38,125
9,3,2344888,33,125
9,3,2344889,32,125
9,3,2344890,30,125
9,3,2344892,43,125
9,3,2344893,35,125
9,3,2344894,38,125
9,3,2344895,28,125
9,3,2344896,35,125
9,3,2344897,34,125
9,3,2344898,32,125
9,3,2344899,33,125
9,3,2344900,33,125
9,3,2344901,35,125
9,3,2344902,34,125
9,3,2344903,45,125
9,3,2344904,40,125
9,3,2344905,36,125
9,3,2347517,40,125
9,3,2350425,33,125
9,3,2351483,48,125
9,3,2352918,32,125
9,4,3008826,39,124
9,4,3008827,36,124
9,4,3008828,43,124
9,4,3008829,50,124
9,4,3008830,40,124
9,4,3008831,43,124
9,4,3008832,47,124
9,4,3008833,44,124
9,4,3008834,33,124
9,4,3008835,38,124
9,4,3008836,37,124
9,4,3008837,35,124
9,4,3008838,39,124
9,4,3008839,41,124
9,4,3008840,36,124
9,4,3008841,33,124
9,4,3008842,46,124
9,4,3008844,34,124
9,4,3008845,34,124
9,4,3008846,34,124
9,4,3008848,35,124
9,4,3008849,38,124
9,4,3008850,38,124
9,4,3008851,40,124
9,4,3008852,31,124
9,4,3008853,39,124
9,4,3008854,43,124
9,4,3008855,36,124
9,4,3008857,37,124
9,4,3008858,42,124
9,4,3008859,43,124
9,4,3008861,41,124
9,4,3008862,28,124
9,4,3008863,35,124
9,4,3008864,38,124
9,4,3008865,33,124
9,4,3008866,38,124
9,4,3008867,39,124
9,4,3008869,30,124
9,4,3008870,34,124
9,4,3009273,37,124
9,4,3009598,41,124
9,4,3010103,31,124
9,4,3010302,37,124
9,4,3010527,39,124
9,4,3010756,43,124
9,4,3015964,32,124
9,4,3016125,31,124
9,4,3016362,27,124
9,4,3016444,33,124
9,5,3673718,38,124
9,5,3673719,42,124
9,5,3673720,36,124
9,5,3673721,44,124
9,5,3673722,34,124
9,5,3673723,40,124
9,5,3673724,43,124
9,5,3673726,48,124
9,5,3673728,41,124
9,5,3673729,44,124
9,5,3673730,39,124
9,5,3673731,34,124
9,5,3673732,46,124
9,5,3673733,36,124
9,5,3673734,38,124
9,5,3673735,39,124
9,5,3673736,41,124
9,5,3673737,42,124
9,5,3673738,44,124
9,5,3673739,37,124
9,5,3673740,42,124
9,5,3673741,45,124
9,5,3673742,31,124
9,5,3673743,39,124
9,5,3673745,39,124
9,5,3673746,37,124
9,5,3673747,33,124
9,5,3673748,36,124
9,5,3673750,50,124
9,5,3673751,45,124
9,5,3673752,31,124
9,5,3673753,34,124
9,5,3673754,37,124
9,5,3673755,41,124
9,5,3673756,36,124
9,5,3673757,31,124
9,5,3673759,35,124
9,5,3673761,36,124
9,5,3673762,38,124
9,5,3673763,35,124
9,5,3676650,37,124
9,5,3677452,35,124
9,5,3679178,39,124
9,5,3681093,48,124
9,6,4394526,39,124
9,6,4394527,38,124
9,6,4394529,36,124
9,6,4394530,46,124
9,6,4394532,35,124
9,6,4394533,39,124
9,6,4394534,42,124
9,6,4394535,43,124
9,6,4394536,38,124
9,6,4394537,45,124
9,6,4394538,37,124
9,6,4394539,43,124
9,6,4394541,44,124
9,6,4394542,32,124
9,6,4394544,39,124
9,6,4394546,37,124
9,6,4394547,35,124
9,6,4394548,39,124
9,6,4394550,46,124
9,6,4394551,32,124
9,6,4394553,36,124
9,6,4394554,41,124
9,6,4394556,42,124
9,6,4394558,37,124
9,6,4394559,39,124
9,6,4394561,35,124
9,6,4394562,38,124
9,6,4394563,49,124
9,6,4394564,41,124
9,6,4394565,47,124
9,6,4394566,33,124
9,6,4394568,48,124
9,6,4394571,47,124
9,6,4394574,36,124
9,6,4394575,38,124
9,6,4394576,40,124
9,6,4394578,38,124
9,6,4394579,42,124
9,6,4394580,35,124
9,6,4394582,40,124
9,6,4396656,38,124
9,6,4397887,31,124
9,6,4400878,39,124
9,7,5104019,38,124
9,7,5104023,40,124
9,7,5104025,34,124
9,7,5104026,34,124
9,7,5104027,38,124
9,7,5104028,32,124
9,7,5104029,29,124
9,7,5104030,38,124
9,7,5104033,31,124
9,7,5104035,32,124
9,7,5104036,39,124
9,7,5104039,40,124
9,7,5104040,38,124
9,7,5104043,35,124
9,7,5104045,37,124
9,7,5104046,39,124
9,7,5104047,46,124
9,7,5104048,38,124
9,7,5104049,45,124
9,7,5104052,33,124
9,7,5104053,41,124
9,7,5104055,41,124
9,7,5104057,40,124
9,7,5104059,40,124
9,7,5104061,37,124
9,7,5104062,32,124
9,7,5104063,38,124
9,7,5104065,41,124
9,7,5104069,35,124
9,7,5104071,44,124
9,7,5104072,42,124
9,7,5104074,35,124
9,7,5104075,33,124
9,7,5104078,41,124
9,7,5104079,37,124
9,7,5104081,34,124
9,7,5104084,37,124
9,7,5104085,37,124
9,7,5104087,40,124
9,7,5104089,41,124
9,7,5105480,46,124
9,7,5106606,37,124
9,7,5107016,40,124
9,7,5108490,37,124
9,7,5111096,47,124
9,8,5818121,38,115
9,8,5818122,32,115
9,8,5818124,31,115
9,8,5818125,32,115
9,8,5818126,31,115
9,8,5818129,31,115
9,8,5818130,34,115
9,8,5818131,26,115
9,8,5818132,32,115
9,8,5818133,38,115
9,8,5818134,35,115
9,8,5818135,31,115
9,8,5818136,40,115
9,8,5818138,29,115
9,8,5818139,37,115
9,8,5818140,32,115
9,8,5818141,40,115
9,8,5818142,33,115
9,8,5818143,34,115
9,8,5818145,34,115
9,8,5818146,39,115
9,8,5818147,33,115
9,8,5818149,37,115
9,8,5818150,38,115
9,8,5818151,40,115
9,8,5818152,38,115
9,8,5818153,38,115
9,8,5818154,32,115
9,8,5818155,36,115
9,8,5818156,32,115
9,8,5818158,35,115
9,8,5818159,32,115
9,8,5818160,32,115
9,8,5818161,36,115
9,8,5818163,39,115
9,8,5818164,42,115
9,8,5818166,34,115
9,8,5818167,33,115
9,8,5818168,39,115
9,8,5818170,35,115
9,8,5821327,41,115
9,8,5822223,39,115
9,8,5824199,33,115
9,8,5825593,41,115
9,8,5825924,41,115
9,9,6505827,29,108
9,9,6505829,24,108
9,9,6505830,24,108
9,9,6505831,25,108
9,9,6505832,20,108
9,9,6505833,21,108
9,9,6505834,26,108
9,9,6505835,33,108
9,9,6505836,27,108
9,9,6505837,28,108
9,9,6505839,27,108
9,9,6505840,30,108
9,9,6505841,29,108
9,9,6505842,29,108
9,9,6505843,34,108
9,9,6505844,34,108
9,9,6505845,28,108
9,9,6505846,26,108
9,9,6505847,26,108
9,9,6505848,23,108
9,9,6505849,36,108
9,9,6505850,30,108
9,9,6505851,40,108
9,9,6505853,37,108
9,9,6505854,33,108
9,9,6505855,29,108
9,9,6505856,27,108
9,9,6505857,31,108
9,9,6505858,23,108
9,9,6505859,26,108
9,9,6505860,27,108
9,9,6505861,36,108
9,9,6505862,27,108
9,9,6505863,34,108
9,9,6505864,26,108
9,9,6505865,31,108
9,9,6505867,30,108
9,9,6505868,35,108
9,9,6505869,34,108
9,9,6505870,36,108
9,9,6508445,29,108
9,9,6508739,29,108
9,9,6509078,31,108
9,9,6509766,34,108
9,9,6510660,27,108
9,9,6512865,35,108
9,9,6512921,40,108
9,10,7210094,24,90
9,10,7210095,21,90
9,10,7210096,20,90
9,10,7210099,17,90
9,10,7210101,15,90
9,10,7210102,19,90
9,10,7210104,23,90
9,10,7210105,26,90
9,10,7210106,22,90
9,10,7210107,24,90
9,10,7210108,21,90
9,10,7210109,27,90
9,10,7210110,23,90
9,10,7210111,28,90
9,10,7210112,32,90
9,10,7210113,24,90
9,10,7210114,21,90
9,10,7210115,22,90
9,10,7210116,20,90
9,10,7210117,20,90
9,10,7210118,32,90
9,10,7210119,19,90
9,10,7210120,27,90
9,10,7210121,24,90
9,10,7210122,28,90
9,10,7210123,32,90
9,10,7210125,23,90
9,10,7210127,26,90
9,10,7210128,29,90
9,10,7210130,22,90
9,10,7210131,18,90
9,10,7210132,24,90
9,10,7210133,29,90
9,10,7210134,21,90
9,10,7210135,25,90
9,10,7210136,28,90
9,10,7210137,29,90
9,10,7210138,29,90
9,10,7210140,27,90
9,10,7210141,22,90
9,10,7210696,21,90
9,10,7211212,26,90
